1:"$Sreact.fragment"
2:I[87771,["/madharsha-demo/_next/static/chunks/38jlx6gzy25eu.js","/madharsha-demo/_next/static/chunks/14mrh2-p_w84d.js"],"default"]
3:I[39756,["/madharsha-demo/_next/static/chunks/38jlx6gzy25eu.js","/madharsha-demo/_next/static/chunks/14mrh2-p_w84d.js"],"default"]
4:I[37457,["/madharsha-demo/_next/static/chunks/38jlx6gzy25eu.js","/madharsha-demo/_next/static/chunks/14mrh2-p_w84d.js"],"default"]
6:I[97367,["/madharsha-demo/_next/static/chunks/38jlx6gzy25eu.js","/madharsha-demo/_next/static/chunks/14mrh2-p_w84d.js"],"OutletBoundary"]
7:"$Sreact.suspense"
a:I[97367,["/madharsha-demo/_next/static/chunks/38jlx6gzy25eu.js","/madharsha-demo/_next/static/chunks/14mrh2-p_w84d.js"],"ViewportBoundary"]
c:I[97367,["/madharsha-demo/_next/static/chunks/38jlx6gzy25eu.js","/madharsha-demo/_next/static/chunks/14mrh2-p_w84d.js"],"MetadataBoundary"]
e:I[68027,["/madharsha-demo/_next/static/chunks/38jlx6gzy25eu.js","/madharsha-demo/_next/static/chunks/14mrh2-p_w84d.js"],"default",1]
:HL["/madharsha-demo/_next/static/chunks/1dmvabgysiaqc.css","style"]
0:{"P":null,"c":["","store",""],"q":"","i":false,"f":[[["",{"children":["store",{"children":["__PAGE__",{}]}]},"$undefined","$undefined",16],[["$","$1","c",{"children":[[["$","link","0",{"rel":"stylesheet","href":"/madharsha-demo/_next/static/chunks/1dmvabgysiaqc.css","precedence":"next","crossOrigin":"$undefined","nonce":"$undefined"}],["$","script","script-0",{"src":"/madharsha-demo/_next/static/chunks/38jlx6gzy25eu.js","async":true,"nonce":"$undefined"}],["$","script","script-1",{"src":"/madharsha-demo/_next/static/chunks/14mrh2-p_w84d.js","async":true,"nonce":"$undefined"}]],["$","html",null,{"lang":"en","className":"h-full antialiased","children":["$","body",null,{"className":"min-h-full","suppressHydrationWarning":true,"children":[["$","$L2",null,{}],["$","main",null,{"className":"ml-14 min-h-screen px-4 py-5 lg:ml-[210px] lg:px-7 lg:py-6","children":["$","$L3",null,{"parallelRouterKey":"children","error":"$undefined","errorStyles":"$undefined","errorScripts":"$undefined","template":["$","$L4",null,{}],"templateStyles":"$undefined","templateScripts":"$undefined","notFound":[[["$","title",null,{"children":"404: This page could not be found."}],["$","div",null,{"style":{"fontFamily":"system-ui,\"Segoe UI\",Roboto,Helvetica,Arial,sans-serif,\"Apple Color Emoji\",\"Segoe UI Emoji\"","height":"100vh","textAlign":"center","display":"flex","flexDirection":"column","alignItems":"center","justifyContent":"center"},"children":["$","div",null,{"children":[["$","style",null,{"dangerouslySetInnerHTML":{"__html":"body{color:#000;background:#fff;margin:0}.next-error-h1{border-right:1px solid rgba(0,0,0,.3)}@media (prefers-color-scheme:dark){body{color:#fff;background:#000}.next-error-h1{border-right:1px solid rgba(255,255,255,.3)}}"}}],["$","h1",null,{"className":"next-error-h1","style":{"display":"inline-block","margin":"0 20px 0 0","padding":"0 23px 0 0","fontSize":24,"fontWeight":500,"verticalAlign":"top","lineHeight":"49px"},"children":404}],["$","div",null,{"style":{"display":"inline-block"},"children":["$","h2",null,{"style":{"fontSize":14,"fontWeight":400,"lineHeight":"49px","margin":0},"children":"This page could not be found."}]}]]}]}]],[]],"forbidden":"$undefined","unauthorized":"$undefined"}]}]]}]}]]}],{"children":[["$","$1","c",{"children":[null,["$","$L3",null,{"parallelRouterKey":"children","error":"$undefined","errorStyles":"$undefined","errorScripts":"$undefined","template":["$","$L4",null,{}],"templateStyles":"$undefined","templateScripts":"$undefined","notFound":"$undefined","forbidden":"$undefined","unauthorized":"$undefined"}]]}],{"children":[["$","$1","c",{"children":["$L5",[["$","script","script-0",{"src":"/madharsha-demo/_next/static/chunks/0c5clk-xunxr_.js","async":true,"nonce":"$undefined"}],["$","script","script-1",{"src":"/madharsha-demo/_next/static/chunks/3315fi0r4h0th.js","async":true,"nonce":"$undefined"}]],["$","$L6",null,{"children":["$","$7",null,{"name":"Next.MetadataOutlet","children":"$@8"}]}]]}],{},null,false,null]},null,false,"$@9"]},null,false,null],["$","$1","h",{"children":[null,["$","$La",null,{"children":"$Lb"}],["$","div",null,{"hidden":true,"children":["$","$Lc",null,{"children":["$","$7",null,{"name":"Next.Metadata","children":"$Ld"}]}]}],null]}],false]],"m":"$undefined","G":["$e",[["$","link","0",{"rel":"stylesheet","href":"/madharsha-demo/_next/static/chunks/1dmvabgysiaqc.css","precedence":"next","crossOrigin":"$undefined","nonce":"$undefined"}]]],"S":true,"h":null,"s":"$undefined","l":"$undefined","p":"$undefined","d":"$undefined","b":"epX9YhVFJr6LPgoMB302y"}
f:[]
9:"$Wf"
b:[["$","meta","0",{"charSet":"utf-8"}],["$","meta","1",{"name":"viewport","content":"width=device-width, initial-scale=1"}]]
10:I[27201,["/madharsha-demo/_next/static/chunks/38jlx6gzy25eu.js","/madharsha-demo/_next/static/chunks/14mrh2-p_w84d.js"],"IconMark"]
8:null
d:[["$","title","0",{"children":"Madhar Sha · Customer Intelligence"}],["$","meta","1",{"name":"description","content":"Customer analytics and store intelligence for the Madhar Sha showroom."}],["$","link","2",{"rel":"icon","href":"/madharsha-demo/favicon.ico?favicon.2vob68tjqpejf.ico","sizes":"256x256","type":"image/x-icon"}],["$","$L10","3",{}]]
11:I[24679,["/madharsha-demo/_next/static/chunks/38jlx6gzy25eu.js","/madharsha-demo/_next/static/chunks/14mrh2-p_w84d.js","/madharsha-demo/_next/static/chunks/0c5clk-xunxr_.js","/madharsha-demo/_next/static/chunks/3315fi0r4h0th.js"],"default"]
12:I[62547,["/madharsha-demo/_next/static/chunks/38jlx6gzy25eu.js","/madharsha-demo/_next/static/chunks/14mrh2-p_w84d.js","/madharsha-demo/_next/static/chunks/0c5clk-xunxr_.js","/madharsha-demo/_next/static/chunks/3315fi0r4h0th.js"],"FloorHeatmap"]
5:[["$","div",null,{"className":"mb-5 max-w-3xl","children":["$","h1",null,{"className":"text-[19px] font-semibold tracking-tight","children":"Where customers go once they are inside"}]}],["$","div",null,{"className":"grid items-start gap-3 lg:grid-cols-2","children":[["$","section",null,{"className":"flex flex-col rounded border border-[color:var(--hairline)] bg-[color:var(--surface)] p-4 ","children":[["$","header",null,{"className":"mb-3 flex items-start justify-between gap-3","children":[["$","h3",null,{"className":"min-w-0 text-[13px] font-semibold leading-tight text-[color:var(--ink-primary)]","children":"Where customers stand"}],["$","div",null,{"className":"flex shrink-0 items-center gap-1.5","children":[["$","$L11",null,{"text":"Warm cells are where customers actually stand, binned by the square metre. Compare against 'where hands reach' — a zone hot here but cool there is traffic passing through, not demand."}],null]}]]}],["$","div",null,{"className":"min-w-0 overflow-x-auto","children":["$","$L12",null,{"payload":{"cell_m":0.25,"nx":80,"ny":56,"width_m":20,"height_m":14,"max":734,"cells":[[0,0,26],[1,0,65],[2,0,87],[3,0,63],[4,0,43],[5,0,24],[6,0,36],[7,0,32],[8,0,42],[9,0,24],[10,0,41],[11,0,36],[12,0,28],[13,0,30],[14,0,30],[15,0,25],[16,0,33],[17,0,35],[18,0,37],[19,0,51],[20,0,72],[21,0,80],[22,0,57],[23,0,18],[24,0,1],[0,1,59],[1,1,167],[2,1,235],[3,1,201],[4,1,117],[5,1,88],[6,1,98],[7,1,107],[8,1,99],[9,1,118],[10,1,109],[11,1,103],[12,1,95],[13,1,84],[14,1,85],[15,1,93],[16,1,94],[17,1,136],[18,1,124],[19,1,126],[20,1,189],[21,1,241],[22,1,169],[23,1,71],[24,1,8],[25,1,1],[0,2,91],[1,2,217],[2,2,351],[3,2,262],[4,2,162],[5,2,117],[6,2,134],[7,2,138],[8,2,161],[9,2,151],[10,2,152],[11,2,150],[12,2,138],[13,2,111],[14,2,109],[15,2,114],[16,2,139],[17,2,163],[18,2,151],[19,2,170],[20,2,275],[21,2,355],[22,2,225],[23,2,81],[24,2,12],[25,2,1],[27,2,2],[28,2,2],[29,2,1],[30,2,3],[31,2,2],[0,3,69],[1,3,168],[2,3,275],[3,3,206],[4,3,108],[5,3,95],[6,3,85],[7,3,96],[8,3,105],[9,3,96],[10,3,82],[11,3,100],[12,3,92],[13,3,71],[14,3,78],[15,3,61],[16,3,81],[17,3,116],[18,3,123],[19,3,120],[20,3,190],[21,3,253],[22,3,204],[23,3,68],[24,3,11],[26,3,2],[28,3,10],[29,3,13],[30,3,27],[31,3,8],[33,3,2],[34,3,2],[38,3,3],[39,3,17],[40,3,20],[41,3,1],[42,3,1],[43,3,1],[46,3,2],[0,4,37],[1,4,92],[2,4,156],[3,4,98],[4,4,54],[5,4,32],[6,4,23],[7,4,21],[8,4,45],[9,4,29],[10,4,33],[11,4,32],[12,4,36],[13,4,23],[14,4,32],[15,4,33],[16,4,25],[17,4,32],[18,4,47],[19,4,51],[20,4,104],[21,4,168],[22,4,96],[23,4,27],[24,4,7],[26,4,2],[27,4,1],[28,4,4],[29,4,19],[30,4,32],[31,4,14],[32,4,4],[33,4,11],[34,4,23],[35,4,14],[36,4,10],[37,4,10],[38,4,20],[39,4,476],[40,4,447],[41,4,19],[42,4,10],[43,4,9],[44,4,13],[45,4,10],[46,4,8],[47,4,2],[0,5,33],[1,5,79],[2,5,139],[3,5,90],[4,5,45],[5,5,39],[6,5,24],[7,5,23],[8,5,26],[9,5,16],[10,5,29],[11,5,39],[12,5,34],[13,5,19],[14,5,10],[15,5,25],[16,5,24],[17,5,33],[18,5,43],[19,5,63],[20,5,112],[21,5,174],[22,5,96],[23,5,40],[24,5,9],[26,5,2],[28,5,5],[29,5,20],[30,5,33],[31,5,13],[32,5,21],[33,5,58],[34,5,79],[35,5,70],[36,5,55],[37,5,45],[38,5,65],[39,5,488],[40,5,512],[41,5,47],[42,5,38],[43,5,56],[44,5,63],[45,5,106],[46,5,48],[47,5,16],[48,5,4],[0,6,52],[1,6,130],[2,6,222],[3,6,170],[4,6,99],[5,6,103],[6,6,89],[7,6,80],[8,6,74],[9,6,71],[10,6,60],[11,6,68],[12,6,100],[13,6,64],[14,6,52],[15,6,47],[16,6,65],[17,6,71],[18,6,73],[19,6,108],[20,6,210],[21,6,260],[22,6,195],[23,6,61],[24,6,11],[25,6,3],[26,6,2],[27,6,5],[28,6,7],[29,6,11],[30,6,19],[31,6,19],[32,6,63],[33,6,177],[34,6,290],[35,6,200],[36,6,145],[37,6,105],[38,6,91],[39,6,131],[40,6,157],[41,6,121],[42,6,120],[43,6,153],[44,6,204],[45,6,275],[46,6,151],[47,6,42],[48,6,10],[49,6,4],[0,7,76],[1,7,200],[2,7,273],[3,7,244],[4,7,153],[5,7,123],[6,7,122],[7,7,119],[8,7,104],[9,7,81],[10,7,90],[11,7,135],[12,7,122],[13,7,96],[14,7,98],[15,7,75],[16,7,92],[17,7,104],[18,7,118],[19,7,136],[20,7,245],[21,7,349],[22,7,196],[23,7,69],[24,7,14],[27,7,2],[28,7,1],[29,7,14],[30,7,21],[31,7,36],[32,7,63],[33,7,258],[34,7,416],[35,7,335],[36,7,204],[37,7,174],[38,7,176],[39,7,177],[40,7,181],[41,7,184],[42,7,152],[43,7,196],[44,7,288],[45,7,391],[46,7,226],[47,7,63],[48,7,21],[49,7,17],[50,7,2],[0,8,29],[1,8,115],[2,8,164],[3,8,172],[4,8,105],[5,8,98],[6,8,91],[7,8,78],[8,8,80],[9,8,72],[10,8,78],[11,8,87],[12,8,102],[13,8,71],[14,8,64],[15,8,65],[16,8,82],[17,8,91],[18,8,67],[19,8,94],[20,8,166],[21,8,186],[22,8,143],[23,8,55],[24,8,9],[27,8,4],[28,8,2],[29,8,17],[30,8,36],[31,8,29],[32,8,55],[33,8,126],[34,8,226],[35,8,181],[36,8,121],[37,8,109],[38,8,87],[39,8,99],[40,8,119],[41,8,102],[42,8,89],[43,8,112],[44,8,154],[45,8,225],[46,8,162],[47,8,52],[48,8,26],[49,8,30],[50,8,7],[51,8,4],[0,9,16],[1,9,39],[2,9,63],[3,9,43],[4,9,52],[5,9,32],[6,9,38],[7,9,30],[8,9,19],[9,9,25],[10,9,28],[11,9,32],[12,9,33],[13,9,25],[14,9,27],[15,9,24],[16,9,32],[17,9,32],[18,9,31],[19,9,30],[20,9,71],[21,9,72],[22,9,58],[23,9,19],[24,9,3],[25,9,1],[27,9,1],[28,9,3],[29,9,13],[30,9,31],[31,9,20],[32,9,40],[33,9,62],[34,9,51],[35,9,64],[36,9,31],[37,9,40],[38,9,31],[39,9,25],[40,9,35],[41,9,24],[42,9,29],[43,9,44],[44,9,45],[45,9,64],[46,9,54],[47,9,40],[48,9,26],[49,9,17],[50,9,13],[51,9,2],[52,9,1],[57,9,2],[58,9,3],[0,10,3],[1,10,6],[2,10,6],[3,10,8],[4,10,7],[5,10,12],[6,10,5],[7,10,8],[8,10,4],[9,10,6],[10,10,4],[11,10,8],[12,10,7],[13,10,3],[14,10,5],[15,10,5],[16,10,9],[17,10,5],[18,10,6],[19,10,10],[20,10,22],[21,10,28],[22,10,13],[23,10,10],[24,10,3],[26,10,2],[27,10,1],[28,10,9],[29,10,14],[30,10,32],[31,10,25],[32,10,28],[33,10,18],[34,10,11],[35,10,12],[36,10,10],[37,10,4],[38,10,3],[39,10,10],[40,10,6],[41,10,8],[42,10,10],[43,10,7],[44,10,6],[45,10,8],[46,10,23],[47,10,30],[48,10,19],[49,10,15],[50,10,5],[51,10,3],[52,10,1],[55,10,1],[56,10,5],[57,10,9],[58,10,15],[59,10,1],[2,11,2],[3,11,1],[5,11,6],[6,11,1],[8,11,1],[10,11,1],[11,11,3],[12,11,3],[14,11,1],[15,11,1],[16,11,1],[17,11,3],[18,11,4],[19,11,6],[20,11,8],[21,11,20],[22,11,10],[23,11,6],[24,11,1],[25,11,2],[26,11,2],[27,11,2],[28,11,3],[29,11,9],[30,11,20],[31,11,26],[32,11,31],[33,11,45],[34,11,17],[36,11,2],[37,11,1],[38,11,1],[39,11,1],[41,11,1],[43,11,1],[44,11,5],[45,11,6],[46,11,37],[47,11,32],[48,11,15],[49,11,12],[50,11,6],[51,11,2],[52,11,1],[55,11,1],[56,11,1],[57,11,14],[58,11,9],[59,11,3],[60,11,1],[61,11,1],[66,11,2],[67,11,1],[69,11,1],[74,11,1],[0,12,1],[1,12,3],[2,12,1],[3,12,2],[4,12,1],[7,12,2],[8,12,4],[9,12,3],[10,12,5],[11,12,6],[12,12,3],[13,12,8],[14,12,6],[15,12,2],[16,12,5],[17,12,1],[18,12,5],[19,12,5],[20,12,14],[21,12,17],[22,12,11],[23,12,6],[24,12,3],[25,12,1],[27,12,1],[28,12,2],[29,12,7],[30,12,10],[31,12,9],[32,12,17],[33,12,43],[34,12,31],[35,12,17],[36,12,11],[37,12,1],[40,12,1],[42,12,1],[43,12,6],[44,12,17],[45,12,31],[46,12,31],[47,12,22],[48,12,9],[49,12,3],[50,12,1],[52,12,1],[54,12,4],[55,12,2],[56,12,6],[57,12,3],[58,12,7],[59,12,6],[60,12,5],[61,12,7],[62,12,3],[63,12,1],[65,12,1],[66,12,8],[67,12,3],[68,12,3],[69,12,1],[71,12,2],[72,12,1],[73,12,1],[74,12,1],[76,12,1],[77,12,3],[78,12,1],[0,13,9],[1,13,18],[2,13,30],[3,13,21],[4,13,10],[5,13,19],[6,13,10],[7,13,10],[8,13,9],[9,13,17],[10,13,14],[11,13,18],[12,13,19],[13,13,14],[14,13,9],[15,13,11],[16,13,6],[17,13,10],[18,13,20],[19,13,21],[20,13,37],[21,13,28],[22,13,29],[23,13,8],[24,13,9],[25,13,1],[26,13,2],[27,13,2],[29,13,5],[30,13,6],[31,13,8],[32,13,21],[33,13,29],[34,13,33],[35,13,24],[36,13,18],[37,13,2],[38,13,1],[40,13,1],[42,13,6],[43,13,16],[44,13,32],[45,13,30],[46,13,21],[47,13,11],[48,13,1],[51,13,5],[52,13,4],[53,13,18],[54,13,30],[55,13,29],[56,13,19],[57,13,14],[58,13,20],[59,13,19],[60,13,12],[61,13,20],[62,13,20],[63,13,15],[64,13,17],[65,13,23],[66,13,23],[67,13,15],[68,13,10],[69,13,9],[70,13,3],[71,13,7],[72,13,7],[73,13,13],[74,13,10],[75,13,14],[76,13,19],[77,13,25],[78,13,16],[79,13,5],[0,14,35],[1,14,89],[2,14,161],[3,14,109],[4,14,83],[5,14,55],[6,14,48],[7,14,41],[8,14,49],[9,14,59],[10,14,70],[11,14,91],[12,14,55],[13,14,50],[14,14,55],[15,14,49],[16,14,39],[17,14,42],[18,14,72],[19,14,84],[20,14,121],[21,14,151],[22,14,101],[23,14,29],[24,14,19],[25,14,8],[26,14,4],[27,14,1],[28,14,1],[29,14,4],[30,14,3],[31,14,4],[32,14,3],[33,14,8],[34,14,4],[35,14,12],[36,14,17],[37,14,2],[40,14,2],[42,14,4],[43,14,13],[44,14,12],[45,14,5],[46,14,11],[47,14,9],[50,14,2],[51,14,1],[52,14,37],[53,14,113],[54,14,178],[55,14,131],[56,14,125],[57,14,66],[58,14,70],[59,14,58],[60,14,74],[61,14,96],[62,14,85],[63,14,84],[64,14,86],[65,14,92],[66,14,99],[67,14,87],[68,14,48],[69,14,42],[70,14,33],[71,14,53],[72,14,66],[73,14,83],[74,14,83],[75,14,79],[76,14,129],[77,14,113],[78,14,100],[79,14,34],[0,15,126],[1,15,320],[2,15,466],[3,15,360],[4,15,238],[5,15,174],[6,15,133],[7,15,149],[8,15,168],[9,15,175],[10,15,222],[11,15,201],[12,15,183],[13,15,133],[14,15,139],[15,15,126],[16,15,148],[17,15,146],[18,15,161],[19,15,203],[20,15,359],[21,15,407],[22,15,311],[23,15,108],[24,15,26],[25,15,9],[26,15,3],[27,15,6],[28,15,1],[29,15,1],[30,15,1],[31,15,3],[32,15,1],[34,15,5],[35,15,4],[36,15,9],[37,15,2],[38,15,1],[39,15,3],[40,15,1],[41,15,1],[43,15,5],[44,15,7],[45,15,3],[46,15,4],[47,15,11],[48,15,2],[50,15,2],[51,15,19],[52,15,106],[53,15,317],[54,15,501],[55,15,465],[56,15,293],[57,15,205],[58,15,173],[59,15,179],[60,15,177],[61,15,219],[62,15,234],[63,15,254],[64,15,243],[65,15,269],[66,15,272],[67,15,215],[68,15,147],[69,15,117],[70,15,113],[71,15,123],[72,15,189],[73,15,225],[74,15,211],[75,15,257],[76,15,349],[77,15,364],[78,15,263],[79,15,94],[0,16,169],[1,16,432],[2,16,699],[3,16,544],[4,16,317],[5,16,243],[6,16,186],[7,16,177],[8,16,211],[9,16,247],[10,16,258],[11,16,271],[12,16,225],[13,16,185],[14,16,177],[15,16,174],[16,16,189],[17,16,228],[18,16,213],[19,16,313],[20,16,488],[21,16,650],[22,16,443],[23,16,126],[24,16,37],[25,16,3],[26,16,3],[27,16,3],[28,16,2],[29,16,2],[30,16,2],[31,16,5],[32,16,4],[33,16,1],[35,16,3],[36,16,3],[37,16,5],[38,16,3],[40,16,2],[42,16,1],[43,16,2],[44,16,2],[45,16,4],[46,16,1],[47,16,1],[48,16,1],[49,16,3],[50,16,4],[51,16,27],[52,16,154],[53,16,514],[54,16,734],[55,16,621],[56,16,445],[57,16,275],[58,16,223],[59,16,213],[60,16,274],[61,16,298],[62,16,330],[63,16,305],[64,16,309],[65,16,340],[66,16,370],[67,16,289],[68,16,199],[69,16,119],[70,16,133],[71,16,174],[72,16,289],[73,16,326],[74,16,347],[75,16,366],[76,16,501],[77,16,571],[78,16,342],[79,16,169],[0,17,172],[1,17,412],[2,17,607],[3,17,420],[4,17,266],[5,17,146],[6,17,120],[7,17,105],[8,17,131],[9,17,190],[10,17,186],[11,17,192],[12,17,140],[13,17,119],[14,17,103],[15,17,113],[16,17,112],[17,17,151],[18,17,153],[19,17,234],[20,17,404],[21,17,523],[22,17,383],[23,17,135],[24,17,27],[25,17,16],[26,17,11],[27,17,14],[28,17,6],[29,17,1],[30,17,4],[31,17,3],[32,17,3],[33,17,2],[34,17,4],[35,17,1],[37,17,2],[38,17,1],[39,17,2],[40,17,4],[41,17,3],[42,17,2],[43,17,1],[44,17,3],[45,17,1],[47,17,1],[48,17,2],[49,17,2],[50,17,2],[51,17,29],[52,17,169],[53,17,428],[54,17,643],[55,17,498],[56,17,319],[57,17,188],[58,17,133],[59,17,130],[60,17,151],[61,17,187],[62,17,206],[63,17,210],[64,17,209],[65,17,227],[66,17,246],[67,17,178],[68,17,134],[69,17,85],[70,17,83],[71,17,124],[72,17,154],[73,17,215],[74,17,201],[75,17,243],[76,17,416],[77,17,494],[78,17,357],[79,17,128],[0,18,126],[1,18,317],[2,18,428],[3,18,289],[4,18,142],[5,18,51],[6,18,36],[7,18,37],[8,18,42],[9,18,43],[10,18,57],[11,18,49],[12,18,49],[13,18,28],[14,18,37],[15,18,24],[16,18,46],[17,18,43],[18,18,50],[19,18,105],[20,18,218],[21,18,326],[22,18,248],[23,18,85],[24,18,26],[25,18,12],[26,18,17],[27,18,15],[28,18,12],[29,18,5],[30,18,2],[31,18,2],[32,18,3],[34,18,2],[35,18,2],[36,18,5],[37,18,4],[38,18,1],[40,18,2],[41,18,2],[45,18,3],[46,18,1],[47,18,1],[48,18,4],[49,18,2],[50,18,7],[51,18,21],[52,18,113],[53,18,319],[54,18,446],[55,18,319],[56,18,133],[57,18,70],[58,18,40],[59,18,47],[60,18,49],[61,18,55],[62,18,67],[63,18,69],[64,18,69],[65,18,66],[66,18,79],[67,18,53],[68,18,43],[69,18,25],[70,18,24],[71,18,33],[72,18,46],[73,18,77],[74,18,72],[75,18,114],[76,18,261],[77,18,346],[78,18,252],[79,18,97],[0,19,100],[1,19,280],[2,19,364],[3,19,208],[4,19,66],[5,19,19],[6,19,4],[7,19,2],[8,19,7],[9,19,13],[10,19,13],[11,19,14],[12,19,11],[13,19,7],[14,19,3],[15,19,10],[16,19,15],[17,19,12],[18,19,17],[19,19,59],[20,19,146],[21,19,252],[22,19,207],[23,19,70],[24,19,15],[25,19,6],[26,19,4],[27,19,17],[28,19,11],[29,19,7],[30,19,4],[31,19,3],[32,19,1],[33,19,4],[34,19,3],[35,19,1],[36,19,1],[37,19,1],[38,19,2],[39,19,3],[40,19,1],[41,19,1],[42,19,1],[43,19,3],[45,19,1],[46,19,5],[47,19,2],[49,19,4],[50,19,7],[51,19,12],[52,19,87],[53,19,222],[54,19,284],[55,19,205],[56,19,50],[57,19,21],[58,19,13],[59,19,4],[60,19,5],[61,19,11],[62,19,13],[63,19,7],[64,19,12],[65,19,16],[66,19,10],[67,19,10],[68,19,13],[69,19,6],[70,19,4],[71,19,4],[72,19,8],[73,19,10],[74,19,20],[75,19,48],[76,19,152],[77,19,234],[78,19,187],[79,19,87],[0,20,78],[1,20,239],[2,20,272],[3,20,223],[4,20,55],[5,20,10],[7,20,1],[8,20,1],[9,20,1],[10,20,4],[11,20,9],[12,20,6],[13,20,4],[15,20,1],[16,20,5],[17,20,11],[18,20,7],[19,20,49],[20,20,147],[21,20,240],[22,20,180],[23,20,70],[24,20,17],[25,20,6],[26,20,9],[27,20,21],[28,20,10],[29,20,11],[30,20,7],[31,20,8],[32,20,5],[33,20,3],[34,20,2],[35,20,2],[37,20,4],[38,20,2],[39,20,2],[41,20,5],[42,20,1],[43,20,4],[44,20,1],[45,20,1],[46,20,6],[47,20,4],[48,20,9],[49,20,8],[50,20,12],[51,20,20],[52,20,72],[53,20,156],[54,20,176],[55,20,116],[56,20,40],[57,20,8],[58,20,2],[59,20,4],[60,20,2],[61,20,6],[62,20,6],[63,20,5],[64,20,2],[65,20,2],[67,20,1],[68,20,3],[69,20,8],[70,20,2],[71,20,1],[72,20,1],[73,20,3],[74,20,8],[75,20,46],[76,20,134],[77,20,201],[78,20,143],[79,20,59],[0,21,76],[1,21,195],[2,21,220],[3,21,164],[4,21,53],[5,21,12],[7,21,3],[8,21,1],[9,21,1],[10,21,3],[11,21,4],[12,21,10],[13,21,3],[15,21,2],[16,21,2],[17,21,2],[18,21,4],[19,21,38],[20,21,160],[21,21,211],[22,21,154],[23,21,60],[24,21,15],[25,21,6],[26,21,11],[27,21,16],[28,21,18],[29,21,14],[30,21,19],[31,21,12],[32,21,12],[33,21,5],[34,21,2],[35,21,3],[36,21,3],[37,21,5],[39,21,5],[40,21,8],[41,21,2],[42,21,1],[43,21,2],[44,21,1],[45,21,2],[46,21,4],[47,21,7],[48,21,12],[49,21,12],[50,21,19],[51,21,15],[52,21,34],[53,21,114],[54,21,148],[55,21,107],[56,21,39],[57,21,4],[58,21,2],[60,21,1],[61,21,5],[62,21,2],[63,21,1],[64,21,1],[65,21,2],[66,21,4],[67,21,5],[68,21,2],[69,21,4],[70,21,1],[71,21,1],[74,21,7],[75,21,42],[76,21,138],[77,21,181],[78,21,151],[79,21,58],[0,22,73],[1,22,147],[2,22,222],[3,22,139],[4,22,36],[5,22,4],[6,22,2],[7,22,1],[8,22,3],[9,22,3],[10,22,2],[11,22,7],[12,22,11],[13,22,7],[14,22,2],[15,22,2],[17,22,2],[18,22,9],[19,22,34],[20,22,135],[21,22,198],[22,22,127],[23,22,43],[24,22,11],[25,22,7],[26,22,6],[27,22,12],[28,22,3],[29,22,6],[30,22,9],[31,22,5],[32,22,8],[33,22,1],[34,22,5],[35,22,2],[36,22,2],[37,22,3],[38,22,5],[39,22,3],[40,22,1],[43,22,2],[44,22,1],[46,22,8],[47,22,6],[48,22,7],[49,22,9],[50,22,10],[51,22,17],[52,22,47],[53,22,115],[54,22,169],[55,22,104],[56,22,31],[57,22,2],[58,22,1],[59,22,2],[60,22,3],[61,22,4],[62,22,2],[63,22,1],[64,22,5],[65,22,6],[66,22,7],[67,22,8],[68,22,4],[69,22,4],[72,22,1],[74,22,7],[75,22,44],[76,22,154],[77,22,245],[78,22,179],[79,22,73],[0,23,76],[1,23,165],[2,23,223],[3,23,174],[4,23,35],[5,23,4],[6,23,1],[8,23,6],[9,23,3],[10,23,5],[11,23,11],[12,23,9],[13,23,3],[14,23,3],[15,23,2],[16,23,4],[17,23,3],[18,23,8],[19,23,43],[20,23,148],[21,23,190],[22,23,152],[23,23,55],[24,23,11],[25,23,1],[26,23,1],[28,23,1],[29,23,2],[30,23,5],[31,23,9],[32,23,7],[33,23,5],[35,23,5],[36,23,2],[37,23,3],[38,23,4],[39,23,3],[40,23,5],[42,23,1],[43,23,2],[44,23,1],[45,23,3],[46,23,7],[47,23,13],[48,23,4],[49,23,10],[50,23,3],[51,23,11],[52,23,52],[53,23,161],[54,23,208],[55,23,137],[56,23,44],[57,23,12],[58,23,3],[59,23,5],[60,23,10],[61,23,8],[62,23,8],[63,23,7],[64,23,6],[65,23,11],[66,23,9],[67,23,7],[68,23,4],[69,23,2],[70,23,7],[71,23,4],[74,23,13],[75,23,66],[76,23,207],[77,23,255],[78,23,216],[79,23,94],[0,24,67],[1,24,172],[2,24,228],[3,24,133],[4,24,49],[5,24,2],[6,24,2],[8,24,4],[9,24,12],[10,24,2],[11,24,6],[12,24,3],[13,24,7],[14,24,3],[15,24,2],[16,24,7],[17,24,7],[18,24,11],[19,24,42],[20,24,160],[21,24,228],[22,24,197],[23,24,61],[24,24,9],[25,24,2],[26,24,1],[27,24,2],[28,24,1],[29,24,3],[30,24,6],[31,24,10],[32,24,12],[33,24,3],[34,24,4],[35,24,1],[37,24,5],[38,24,2],[39,24,5],[40,24,5],[41,24,2],[42,24,2],[43,24,3],[44,24,2],[46,24,7],[47,24,9],[48,24,7],[49,24,4],[50,24,1],[51,24,8],[52,24,84],[53,24,185],[54,24,250],[55,24,200],[56,24,54],[57,24,9],[58,24,6],[59,24,8],[60,24,7],[61,24,4],[62,24,2],[63,24,4],[64,24,3],[65,24,5],[66,24,4],[67,24,4],[68,24,1],[69,24,7],[70,24,3],[71,24,1],[72,24,3],[73,24,1],[74,24,9],[75,24,63],[76,24,208],[77,24,335],[78,24,272],[79,24,122],[0,25,71],[1,25,175],[2,25,217],[3,25,147],[4,25,42],[5,25,5],[6,25,1],[7,25,1],[8,25,7],[9,25,6],[10,25,7],[11,25,6],[12,25,3],[13,25,4],[14,25,2],[16,25,6],[17,25,12],[18,25,13],[19,25,44],[20,25,141],[21,25,220],[22,25,194],[23,25,63],[24,25,13],[27,25,2],[28,25,1],[29,25,2],[30,25,1],[31,25,4],[32,25,1],[33,25,2],[35,25,3],[36,25,1],[37,25,2],[38,25,2],[39,25,2],[40,25,2],[41,25,2],[42,25,3],[43,25,4],[44,25,2],[45,25,7],[47,25,3],[48,25,3],[49,25,3],[51,25,9],[52,25,48],[53,25,197],[54,25,246],[55,25,170],[56,25,58],[57,25,8],[58,25,11],[59,25,6],[60,25,5],[61,25,6],[62,25,4],[63,25,6],[64,25,2],[65,25,2],[66,25,3],[67,25,2],[68,25,6],[69,25,6],[70,25,13],[71,25,1],[72,25,3],[73,25,1],[74,25,11],[75,25,71],[76,25,250],[77,25,349],[78,25,257],[79,25,124],[0,26,73],[1,26,189],[2,26,257],[3,26,165],[4,26,39],[5,26,13],[6,26,5],[7,26,7],[8,26,9],[9,26,7],[10,26,7],[11,26,7],[12,26,8],[13,26,11],[14,26,3],[15,26,2],[16,26,10],[17,26,7],[18,26,8],[19,26,48],[20,26,160],[21,26,196],[22,26,167],[23,26,65],[24,26,16],[25,26,2],[26,26,2],[27,26,3],[28,26,6],[29,26,3],[30,26,3],[31,26,2],[32,26,2],[33,26,2],[34,26,3],[35,26,1],[37,26,3],[38,26,3],[39,26,4],[40,26,2],[41,26,2],[42,26,4],[43,26,4],[44,26,2],[45,26,3],[46,26,4],[47,26,3],[48,26,3],[49,26,3],[50,26,2],[51,26,17],[52,26,58],[53,26,168],[54,26,223],[55,26,163],[56,26,55],[57,26,9],[58,26,18],[59,26,12],[60,26,9],[61,26,17],[62,26,15],[63,26,11],[64,26,9],[65,26,8],[66,26,3],[67,26,9],[68,26,15],[69,26,12],[70,26,10],[71,26,7],[72,26,11],[73,26,14],[74,26,23],[75,26,66],[76,26,206],[77,26,278],[78,26,239],[79,26,95],[0,27,81],[1,27,243],[2,27,351],[3,27,223],[4,27,88],[5,27,51],[6,27,38],[7,27,41],[8,27,41],[9,27,45],[10,27,43],[11,27,49],[12,27,49],[13,27,50],[14,27,41],[15,27,45],[16,27,35],[17,27,30],[18,27,41],[19,27,108],[20,27,213],[21,27,323],[22,27,216],[23,27,70],[24,27,19],[25,27,3],[26,27,1],[27,27,1],[29,27,1],[30,27,3],[31,27,2],[33,27,2],[34,27,4],[35,27,2],[36,27,2],[38,27,4],[39,27,2],[40,27,2],[41,27,3],[42,27,4],[43,27,3],[44,27,4],[45,27,3],[46,27,2],[48,27,1],[49,27,2],[50,27,2],[51,27,14],[52,27,70],[53,27,219],[54,27,265],[55,27,202],[56,27,111],[57,27,64],[58,27,55],[59,27,41],[60,27,40],[61,27,51],[62,27,59],[63,27,59],[64,27,44],[65,27,34],[66,27,39],[67,27,63],[68,27,54],[69,27,47],[70,27,40],[71,27,35],[72,27,54],[73,27,73],[74,27,74],[75,27,121],[76,27,239],[77,27,329],[78,27,228],[79,27,86],[0,28,134],[1,28,349],[2,28,558],[3,28,425],[4,28,228],[5,28,140],[6,28,120],[7,28,133],[8,28,139],[9,28,140],[10,28,159],[11,28,154],[12,28,182],[13,28,150],[14,28,166],[15,28,136],[16,28,147],[17,28,133],[18,28,173],[19,28,239],[20,28,387],[21,28,494],[22,28,313],[23,28,108],[24,28,19],[25,28,10],[26,28,3],[27,28,3],[28,28,3],[29,28,5],[30,28,4],[31,28,2],[32,28,6],[33,28,4],[34,28,2],[35,28,1],[36,28,2],[37,28,2],[38,28,5],[39,28,5],[40,28,3],[41,28,1],[42,28,1],[43,28,4],[44,28,4],[45,28,2],[46,28,1],[48,28,4],[49,28,3],[51,28,24],[52,28,104],[53,28,299],[54,28,432],[55,28,342],[56,28,214],[57,28,174],[58,28,152],[59,28,164],[60,28,136],[61,28,194],[62,28,203],[63,28,189],[64,28,159],[65,28,130],[66,28,131],[67,28,167],[68,28,197],[69,28,183],[70,28,136],[71,28,166],[72,28,195],[73,28,233],[74,28,257],[75,28,267],[76,28,373],[77,28,519],[78,28,344],[79,28,139],[0,29,189],[1,29,497],[2,29,653],[3,29,541],[4,29,296],[5,29,230],[6,29,210],[7,29,186],[8,29,193],[9,29,208],[10,29,242],[11,29,260],[12,29,226],[13,29,275],[14,29,258],[15,29,222],[16,29,190],[17,29,191],[18,29,209],[19,29,325],[20,29,482],[21,29,614],[22,29,398],[23,29,135],[24,29,23],[25,29,9],[26,29,5],[27,29,5],[28,29,11],[29,29,1],[30,29,5],[31,29,1],[32,29,1],[34,29,5],[35,29,1],[36,29,2],[37,29,2],[39,29,4],[40,29,4],[41,29,1],[43,29,4],[44,29,1],[45,29,2],[46,29,1],[47,29,3],[48,29,5],[49,29,2],[50,29,9],[51,29,25],[52,29,112],[53,29,378],[54,29,630],[55,29,503],[56,29,306],[57,29,230],[58,29,259],[59,29,240],[60,29,205],[61,29,260],[62,29,310],[63,29,258],[64,29,249],[65,29,238],[66,29,212],[67,29,272],[68,29,315],[69,29,262],[70,29,228],[71,29,238],[72,29,329],[73,29,378],[74,29,369],[75,29,426],[76,29,532],[77,29,635],[78,29,389],[79,29,152],[0,30,108],[1,30,342],[2,30,459],[3,30,409],[4,30,208],[5,30,146],[6,30,131],[7,30,157],[8,30,145],[9,30,150],[10,30,171],[11,30,155],[12,30,179],[13,30,157],[14,30,163],[15,30,152],[16,30,155],[17,30,154],[18,30,145],[19,30,251],[20,30,347],[21,30,420],[22,30,220],[23,30,94],[24,30,14],[25,30,10],[26,30,4],[27,30,4],[28,30,5],[29,30,3],[30,30,6],[31,30,2],[32,30,2],[34,30,2],[35,30,1],[36,30,1],[37,30,1],[38,30,3],[39,30,2],[40,30,3],[41,30,2],[43,30,4],[44,30,1],[46,30,4],[47,30,5],[48,30,1],[49,30,7],[50,30,9],[51,30,18],[52,30,106],[53,30,241],[54,30,412],[55,30,344],[56,30,203],[57,30,164],[58,30,200],[59,30,172],[60,30,169],[61,30,202],[62,30,222],[63,30,207],[64,30,157],[65,30,146],[66,30,171],[67,30,189],[68,30,215],[69,30,203],[70,30,179],[71,30,177],[72,30,231],[73,30,274],[74,30,298],[75,30,296],[76,30,362],[77,30,391],[78,30,271],[79,30,111],[0,31,38],[1,31,104],[2,31,164],[3,31,110],[4,31,59],[5,31,47],[6,31,59],[7,31,47],[8,31,51],[9,31,55],[10,31,81],[11,31,57],[12,31,64],[13,31,58],[14,31,49],[15,31,46],[16,31,60],[17,31,65],[18,31,55],[19,31,68],[20,31,120],[21,31,159],[22,31,87],[23,31,29],[24,31,6],[25,31,4],[26,31,3],[27,31,2],[28,31,1],[29,31,5],[30,31,4],[31,31,2],[33,31,1],[36,31,1],[37,31,2],[39,31,2],[40,31,1],[41,31,2],[43,31,1],[44,31,1],[45,31,3],[46,31,4],[47,31,4],[49,31,1],[50,31,7],[51,31,11],[52,31,34],[53,31,102],[54,31,127],[55,31,123],[56,31,86],[57,31,80],[58,31,58],[59,31,63],[60,31,57],[61,31,53],[62,31,82],[63,31,75],[64,31,64],[65,31,54],[66,31,68],[67,31,72],[68,31,90],[69,31,69],[70,31,62],[71,31,59],[72,31,83],[73,31,80],[74,31,121],[75,31,85],[76,31,103],[77,31,145],[78,31,80],[79,31,38],[0,32,5],[1,32,24],[2,32,24],[3,32,20],[4,32,15],[5,32,6],[6,32,4],[7,32,9],[8,32,15],[9,32,12],[10,32,12],[11,32,19],[12,32,9],[13,32,13],[14,32,15],[15,32,7],[16,32,8],[17,32,20],[18,32,14],[19,32,14],[20,32,16],[21,32,24],[22,32,11],[23,32,3],[24,32,1],[25,32,2],[26,32,4],[27,32,4],[28,32,5],[29,32,7],[30,32,7],[31,32,3],[35,32,2],[36,32,1],[37,32,1],[38,32,1],[40,32,2],[41,32,1],[42,32,1],[43,32,5],[44,32,3],[45,32,1],[46,32,1],[47,32,5],[48,32,1],[49,32,3],[50,32,4],[51,32,1],[52,32,8],[53,32,17],[54,32,27],[55,32,22],[56,32,16],[57,32,16],[58,32,16],[59,32,15],[60,32,12],[61,32,15],[62,32,9],[63,32,8],[64,32,15],[65,32,19],[66,32,10],[67,32,15],[68,32,17],[69,32,23],[70,32,14],[71,32,12],[72,32,15],[73,32,13],[74,32,14],[75,32,14],[76,32,22],[77,32,23],[78,32,16],[79,32,3],[1,33,3],[2,33,2],[3,33,1],[5,33,1],[6,33,2],[7,33,1],[8,33,2],[9,33,6],[10,33,1],[11,33,1],[12,33,4],[13,33,4],[14,33,2],[15,33,5],[16,33,5],[17,33,3],[18,33,5],[19,33,2],[20,33,1],[21,33,3],[22,33,5],[23,33,1],[24,33,3],[25,33,3],[26,33,5],[27,33,2],[28,33,1],[29,33,5],[30,33,2],[32,33,2],[33,33,1],[35,33,3],[36,33,1],[38,33,1],[39,33,1],[40,33,4],[41,33,1],[42,33,1],[43,33,2],[44,33,1],[45,33,2],[47,33,3],[48,33,1],[49,33,4],[50,33,7],[51,33,11],[52,33,6],[53,33,4],[54,33,2],[55,33,3],[56,33,2],[57,33,1],[58,33,2],[59,33,1],[60,33,5],[61,33,7],[62,33,5],[63,33,3],[64,33,3],[65,33,7],[66,33,5],[67,33,3],[68,33,6],[69,33,6],[70,33,3],[71,33,2],[72,33,3],[74,33,1],[76,33,3],[77,33,1],[78,33,4],[79,33,1],[0,34,1],[2,34,1],[3,34,1],[5,34,1],[7,34,1],[8,34,4],[9,34,1],[10,34,2],[12,34,4],[13,34,3],[14,34,4],[15,34,2],[17,34,3],[18,34,1],[19,34,2],[20,34,6],[21,34,2],[22,34,2],[23,34,1],[24,34,2],[25,34,2],[26,34,3],[27,34,3],[28,34,3],[29,34,5],[32,34,1],[33,34,1],[34,34,1],[35,34,1],[36,34,2],[37,34,1],[38,34,1],[39,34,2],[40,34,4],[42,34,2],[43,34,2],[44,34,1],[47,34,2],[49,34,3],[50,34,3],[51,34,6],[52,34,3],[53,34,2],[54,34,1],[55,34,3],[56,34,5],[57,34,1],[58,34,2],[59,34,4],[60,34,1],[61,34,4],[62,34,6],[63,34,2],[64,34,5],[65,34,2],[66,34,3],[67,34,8],[69,34,4],[70,34,3],[71,34,1],[72,34,1],[73,34,1],[75,34,2],[76,34,1],[1,35,6],[2,35,12],[3,35,11],[4,35,5],[5,35,11],[6,35,3],[7,35,13],[8,35,11],[9,35,10],[10,35,5],[11,35,9],[12,35,2],[13,35,9],[14,35,7],[15,35,7],[16,35,5],[17,35,5],[18,35,7],[19,35,10],[20,35,12],[21,35,14],[22,35,8],[23,35,6],[26,35,1],[28,35,1],[29,35,1],[30,35,3],[31,35,2],[32,35,1],[34,35,2],[35,35,2],[36,35,3],[37,35,1],[38,35,4],[39,35,3],[40,35,2],[41,35,1],[42,35,1],[43,35,2],[44,35,2],[45,35,1],[47,35,1],[48,35,1],[49,35,3],[50,35,3],[51,35,6],[53,35,2],[54,35,2],[55,35,2],[56,35,5],[57,35,5],[58,35,2],[59,35,4],[60,35,4],[61,35,2],[62,35,2],[63,35,1],[64,35,4],[65,35,2],[66,35,4],[67,35,2],[68,35,2],[69,35,2],[70,35,2],[71,35,2],[72,35,1],[73,35,4],[76,35,1],[0,36,14],[1,36,37],[2,36,62],[3,36,51],[4,36,34],[5,36,35],[6,36,35],[7,36,32],[8,36,36],[9,36,32],[10,36,37],[11,36,36],[12,36,34],[13,36,30],[14,36,23],[15,36,42],[16,36,39],[17,36,32],[18,36,37],[19,36,54],[20,36,60],[21,36,77],[22,36,49],[23,36,16],[24,36,4],[25,36,2],[26,36,1],[27,36,2],[29,36,1],[30,36,1],[31,36,1],[34,36,2],[35,36,2],[36,36,1],[37,36,1],[38,36,1],[40,36,4],[41,36,1],[42,36,1],[43,36,1],[44,36,1],[46,36,3],[47,36,1],[49,36,2],[50,36,1],[51,36,3],[52,36,1],[53,36,4],[54,36,5],[55,36,1],[56,36,4],[57,36,8],[58,36,2],[59,36,4],[60,36,5],[61,36,5],[62,36,2],[63,36,3],[64,36,2],[65,36,8],[66,36,3],[67,36,2],[68,36,2],[69,36,1],[70,36,2],[71,36,4],[72,36,1],[73,36,1],[75,36,2],[76,36,4],[77,36,3],[78,36,1],[0,37,56],[1,37,97],[2,37,180],[3,37,126],[4,37,108],[5,37,87],[6,37,100],[7,37,113],[8,37,100],[9,37,94],[10,37,73],[11,37,104],[12,37,91],[13,37,92],[14,37,90],[15,37,81],[16,37,92],[17,37,107],[18,37,99],[19,37,123],[20,37,198],[21,37,204],[22,37,131],[23,37,72],[24,37,10],[25,37,2],[26,37,2],[27,37,2],[29,37,1],[31,37,2],[32,37,1],[33,37,3],[34,37,1],[36,37,2],[38,37,1],[39,37,1],[40,37,2],[41,37,1],[42,37,1],[43,37,1],[44,37,2],[45,37,1],[48,37,1],[49,37,2],[50,37,1],[51,37,1],[52,37,1],[53,37,2],[54,37,4],[55,37,5],[56,37,4],[57,37,13],[58,37,23],[59,37,21],[60,37,18],[61,37,17],[62,37,17],[63,37,17],[64,37,10],[65,37,15],[66,37,13],[67,37,8],[68,37,18],[69,37,11],[70,37,12],[71,37,18],[72,37,12],[73,37,8],[74,37,12],[75,37,8],[76,37,20],[77,37,27],[78,37,16],[79,37,7],[0,38,59],[1,38,210],[2,38,282],[3,38,232],[4,38,143],[5,38,131],[6,38,136],[7,38,153],[8,38,141],[9,38,99],[10,38,124],[11,38,124],[12,38,96],[13,38,121],[14,38,133],[15,38,110],[16,38,137],[17,38,144],[18,38,133],[19,38,159],[20,38,272],[21,38,302],[22,38,217],[23,38,76],[24,38,21],[25,38,5],[26,38,4],[27,38,4],[29,38,1],[30,38,2],[33,38,2],[34,38,2],[35,38,1],[37,38,2],[38,38,1],[40,38,3],[41,38,1],[42,38,2],[44,38,1],[45,38,1],[48,38,4],[49,38,1],[50,38,1],[51,38,1],[52,38,3],[53,38,4],[54,38,2],[55,38,8],[56,38,27],[57,38,94],[58,38,149],[59,38,91],[60,38,69],[61,38,61],[62,38,67],[63,38,68],[64,38,60],[65,38,57],[66,38,36],[67,38,63],[68,38,73],[69,38,64],[70,38,61],[71,38,53],[72,38,59],[73,38,63],[74,38,52],[75,38,97],[76,38,125],[77,38,138],[78,38,88],[79,38,47],[0,39,76],[1,39,159],[2,39,249],[3,39,171],[4,39,105],[5,39,80],[6,39,106],[7,39,96],[8,39,76],[9,39,72],[10,39,59],[11,39,79],[12,39,76],[13,39,70],[14,39,82],[15,39,82],[16,39,81],[17,39,72],[18,39,90],[19,39,119],[20,39,210],[21,39,276],[22,39,193],[23,39,51],[24,39,11],[25,39,2],[26,39,1],[28,39,1],[29,39,2],[30,39,1],[31,39,1],[34,39,1],[36,39,1],[37,39,4],[38,39,2],[39,39,4],[40,39,1],[41,39,2],[42,39,2],[43,39,1],[44,39,2],[45,39,1],[46,39,4],[47,39,1],[48,39,5],[49,39,1],[50,39,1],[51,39,2],[52,39,1],[53,39,1],[54,39,5],[55,39,21],[56,39,92],[57,39,278],[58,39,387],[59,39,331],[60,39,217],[61,39,191],[62,39,227],[63,39,211],[64,39,224],[65,39,169],[66,39,131],[67,39,222],[68,39,170],[69,39,179],[70,39,189],[71,39,172],[72,39,144],[73,39,169],[74,39,195],[75,39,241],[76,39,361],[77,39,472],[78,39,333],[79,39,128],[0,40,49],[1,40,112],[2,40,156],[3,40,113],[4,40,60],[5,40,22],[6,40,20],[7,40,35],[8,40,31],[9,40,16],[10,40,20],[11,40,30],[12,40,25],[13,40,23],[14,40,26],[15,40,28],[16,40,27],[17,40,36],[18,40,22],[19,40,43],[20,40,110],[21,40,147],[22,40,118],[23,40,37],[24,40,6],[26,40,2],[28,40,1],[30,40,3],[31,40,4],[33,40,1],[35,40,1],[37,40,1],[38,40,1],[40,40,1],[41,40,1],[43,40,1],[44,40,2],[45,40,2],[46,40,4],[47,40,2],[48,40,5],[49,40,3],[50,40,2],[51,40,2],[53,40,3],[54,40,2],[55,40,25],[56,40,146],[57,40,410],[58,40,555],[59,40,453],[60,40,287],[61,40,240],[62,40,236],[63,40,286],[64,40,246],[65,40,179],[66,40,188],[67,40,236],[68,40,257],[69,40,245],[70,40,269],[71,40,214],[72,40,223],[73,40,222],[74,40,247],[75,40,329],[76,40,552],[77,40,656],[78,40,463],[79,40,166],[0,41,37],[1,41,101],[2,41,144],[3,41,104],[4,41,35],[5,41,4],[6,41,5],[7,41,5],[8,41,5],[9,41,2],[10,41,7],[11,41,4],[12,41,6],[13,41,5],[14,41,3],[17,41,3],[18,41,8],[19,41,29],[20,41,80],[21,41,129],[22,41,89],[23,41,36],[24,41,7],[25,41,4],[26,41,3],[27,41,4],[28,41,1],[29,41,3],[31,41,3],[33,41,3],[35,41,1],[38,41,1],[39,41,2],[41,41,2],[42,41,1],[43,41,2],[44,41,5],[46,41,1],[48,41,1],[50,41,3],[51,41,2],[52,41,1],[54,41,3],[55,41,18],[56,41,115],[57,41,328],[58,41,445],[59,41,319],[60,41,178],[61,41,143],[62,41,162],[63,41,173],[64,41,170],[65,41,126],[66,41,128],[67,41,146],[68,41,151],[69,41,166],[70,41,138],[71,41,140],[72,41,127],[73,41,122],[74,41,166],[75,41,251],[76,41,394],[77,41,515],[78,41,339],[79,41,135],[0,42,39],[1,42,101],[2,42,132],[3,42,78],[4,42,31],[5,42,8],[6,42,2],[7,42,1],[8,42,3],[9,42,2],[10,42,4],[11,42,4],[12,42,2],[13,42,1],[15,42,1],[18,42,3],[19,42,17],[20,42,71],[21,42,119],[22,42,79],[23,42,34],[24,42,6],[25,42,1],[26,42,4],[27,42,1],[28,42,3],[29,42,2],[30,42,1],[34,42,1],[35,42,1],[36,42,1],[37,42,1],[38,42,2],[39,42,2],[40,42,2],[41,42,1],[43,42,1],[45,42,1],[46,42,2],[48,42,3],[49,42,1],[50,42,2],[51,42,1],[52,42,2],[53,42,1],[54,42,8],[55,42,15],[56,42,70],[57,42,181],[58,42,235],[59,42,183],[60,42,102],[61,42,47],[62,42,49],[63,42,56],[64,42,55],[65,42,37],[66,42,33],[67,42,55],[68,42,41],[69,42,48],[70,42,42],[71,42,42],[72,42,43],[73,42,44],[74,42,52],[75,42,98],[76,42,208],[77,42,290],[78,42,195],[79,42,73],[0,43,33],[1,43,87],[2,43,98],[3,43,71],[4,43,18],[5,43,4],[6,43,2],[7,43,2],[9,43,1],[10,43,2],[11,43,6],[12,43,4],[17,43,2],[18,43,6],[19,43,33],[20,43,79],[21,43,126],[22,43,90],[23,43,34],[24,43,7],[25,43,2],[26,43,3],[28,43,2],[29,43,2],[30,43,2],[31,43,1],[33,43,1],[36,43,2],[38,43,4],[39,43,2],[40,43,2],[41,43,2],[42,43,2],[46,43,1],[47,43,1],[48,43,2],[50,43,2],[51,43,2],[52,43,3],[53,43,2],[54,43,5],[55,43,13],[56,43,49],[57,43,148],[58,43,196],[59,43,128],[60,43,43],[61,43,11],[62,43,13],[63,43,15],[64,43,5],[65,43,12],[66,43,10],[67,43,14],[68,43,9],[69,43,6],[70,43,9],[71,43,6],[72,43,4],[73,43,8],[74,43,7],[75,43,61],[76,43,146],[77,43,257],[78,43,168],[79,43,79],[0,44,22],[1,44,84],[2,44,79],[3,44,72],[4,44,28],[5,44,1],[6,44,1],[7,44,2],[8,44,4],[9,44,3],[10,44,9],[11,44,2],[12,44,3],[13,44,4],[14,44,1],[15,44,1],[16,44,3],[17,44,1],[18,44,11],[19,44,27],[20,44,85],[21,44,152],[22,44,101],[23,44,32],[24,44,6],[25,44,1],[26,44,2],[28,44,2],[29,44,1],[30,44,2],[31,44,2],[32,44,2],[33,44,1],[34,44,1],[36,44,1],[37,44,1],[38,44,1],[39,44,1],[41,44,1],[42,44,1],[43,44,1],[44,44,1],[46,44,2],[47,44,1],[48,44,1],[49,44,2],[50,44,1],[51,44,2],[52,44,2],[53,44,4],[54,44,2],[55,44,14],[56,44,46],[57,44,146],[58,44,208],[59,44,121],[60,44,32],[61,44,15],[62,44,3],[63,44,1],[64,44,1],[66,44,4],[67,44,2],[68,44,1],[69,44,5],[70,44,5],[71,44,1],[72,44,3],[73,44,1],[74,44,11],[75,44,58],[76,44,203],[77,44,249],[78,44,237],[79,44,106],[0,45,18],[1,45,52],[2,45,79],[3,45,47],[4,45,15],[5,45,4],[6,45,2],[7,45,1],[8,45,4],[9,45,7],[10,45,3],[11,45,7],[12,45,8],[13,45,3],[14,45,3],[15,45,1],[16,45,2],[17,45,2],[18,45,7],[19,45,33],[20,45,86],[21,45,150],[22,45,100],[23,45,28],[24,45,6],[30,45,1],[37,45,1],[38,45,1],[40,45,1],[41,45,1],[43,45,1],[48,45,3],[49,45,1],[50,45,1],[51,45,1],[52,45,2],[54,45,3],[55,45,4],[56,45,50],[57,45,150],[58,45,216],[59,45,139],[60,45,40],[61,45,7],[62,45,2],[63,45,3],[64,45,1],[65,45,3],[66,45,7],[67,45,2],[68,45,4],[69,45,4],[70,45,3],[71,45,13],[73,45,2],[74,45,10],[75,45,73],[76,45,208],[77,45,318],[78,45,271],[79,45,102],[0,46,31],[1,46,71],[2,46,98],[3,46,54],[4,46,22],[5,46,6],[6,46,4],[9,46,3],[10,46,2],[11,46,4],[12,46,5],[13,46,1],[14,46,5],[15,46,2],[17,46,3],[18,46,7],[19,46,26],[20,46,71],[21,46,145],[22,46,98],[23,46,44],[24,46,5],[28,46,1],[29,46,1],[30,46,1],[31,46,1],[37,46,1],[38,46,2],[39,46,4],[40,46,1],[42,46,2],[45,46,1],[46,46,1],[47,46,2],[48,46,4],[49,46,2],[51,46,3],[52,46,2],[53,46,1],[54,46,4],[55,46,11],[56,46,60],[57,46,170],[58,46,254],[59,46,150],[60,46,49],[61,46,7],[62,46,2],[63,46,1],[64,46,4],[65,46,2],[66,46,3],[67,46,9],[68,46,8],[69,46,4],[70,46,2],[71,46,3],[72,46,2],[74,46,6],[75,46,60],[76,46,212],[77,46,312],[78,46,245],[79,46,103],[0,47,30],[1,47,88],[2,47,138],[3,47,61],[4,47,25],[5,47,3],[6,47,2],[7,47,5],[8,47,1],[9,47,1],[10,47,2],[11,47,4],[12,47,1],[14,47,3],[15,47,2],[18,47,3],[19,47,26],[20,47,83],[21,47,126],[22,47,86],[23,47,30],[24,47,6],[29,47,2],[31,47,1],[38,47,3],[39,47,2],[41,47,1],[42,47,1],[45,47,1],[48,47,1],[49,47,2],[50,47,1],[51,47,3],[53,47,2],[54,47,1],[55,47,8],[56,47,70],[57,47,173],[58,47,245],[59,47,183],[60,47,49],[61,47,7],[62,47,2],[64,47,4],[65,47,1],[66,47,3],[67,47,8],[68,47,6],[69,47,3],[70,47,4],[71,47,2],[72,47,1],[73,47,4],[74,47,9],[75,47,75],[76,47,199],[77,47,304],[78,47,252],[79,47,96],[0,48,35],[1,48,112],[2,48,123],[3,48,89],[4,48,25],[5,48,3],[7,48,1],[10,48,4],[11,48,3],[12,48,2],[18,48,1],[19,48,17],[20,48,78],[21,48,106],[22,48,89],[23,48,32],[24,48,6],[26,48,1],[27,48,2],[29,48,2],[32,48,2],[33,48,1],[40,48,1],[42,48,1],[43,48,1],[44,48,1],[48,48,2],[49,48,2],[50,48,1],[52,48,2],[53,48,1],[54,48,5],[55,48,12],[56,48,65],[57,48,172],[58,48,224],[59,48,151],[60,48,51],[61,48,2],[62,48,2],[65,48,1],[66,48,3],[67,48,4],[68,48,6],[69,48,3],[70,48,4],[71,48,2],[72,48,1],[73,48,1],[74,48,13],[75,48,50],[76,48,191],[77,48,310],[78,48,248],[79,48,95],[0,49,32],[1,49,63],[2,49,125],[3,49,75],[4,49,23],[5,49,6],[9,49,1],[10,49,1],[11,49,3],[13,49,1],[14,49,1],[18,49,3],[19,49,16],[20,49,47],[21,49,109],[22,49,51],[23,49,30],[24,49,2],[27,49,1],[31,49,1],[34,49,1],[38,49,1],[46,49,2],[47,49,2],[49,49,2],[50,49,1],[51,49,3],[53,49,1],[54,49,2],[55,49,10],[56,49,83],[57,49,198],[58,49,253],[59,49,146],[60,49,44],[61,49,6],[62,49,3],[63,49,2],[64,49,1],[65,49,3],[66,49,1],[67,49,2],[68,49,5],[69,49,3],[70,49,1],[73,49,1],[74,49,7],[75,49,66],[76,49,157],[77,49,263],[78,49,198],[79,49,78],[0,50,35],[1,50,75],[2,50,89],[3,50,79],[4,50,22],[5,50,6],[6,50,1],[7,50,2],[9,50,2],[10,50,2],[11,50,3],[12,50,4],[13,50,3],[14,50,2],[15,50,4],[16,50,2],[17,50,5],[18,50,11],[19,50,23],[20,50,59],[21,50,82],[22,50,65],[23,50,31],[24,50,3],[25,50,1],[27,50,1],[28,50,1],[29,50,2],[32,50,1],[33,50,1],[39,50,2],[41,50,1],[48,50,1],[49,50,2],[51,50,1],[52,50,1],[54,50,1],[55,50,19],[56,50,88],[57,50,232],[58,50,311],[59,50,201],[60,50,64],[61,50,15],[62,50,13],[63,50,6],[64,50,9],[65,50,4],[66,50,6],[67,50,10],[68,50,10],[69,50,8],[70,50,12],[71,50,10],[72,50,7],[73,50,12],[74,50,8],[75,50,61],[76,50,190],[77,50,288],[78,50,225],[79,50,89],[0,51,45],[1,51,122],[2,51,133],[3,51,95],[4,51,41],[5,51,21],[6,51,15],[7,51,11],[8,51,13],[9,51,12],[10,51,11],[11,51,25],[12,51,32],[13,51,27],[14,51,25],[15,51,24],[16,51,29],[17,51,24],[18,51,30],[19,51,45],[20,51,83],[21,51,141],[22,51,75],[23,51,36],[24,51,4],[26,51,1],[28,51,1],[30,51,1],[36,51,1],[37,51,1],[47,51,1],[48,51,1],[55,51,17],[56,51,109],[57,51,302],[58,51,391],[59,51,287],[60,51,99],[61,51,56],[62,51,47],[63,51,37],[64,51,50],[65,51,37],[66,51,41],[67,51,43],[68,51,52],[69,51,53],[70,51,66],[71,51,78],[72,51,65],[73,51,60],[74,51,53],[75,51,111],[76,51,270],[77,51,369],[78,51,276],[79,51,98],[0,52,76],[1,52,191],[2,52,276],[3,52,182],[4,52,106],[5,52,79],[6,52,66],[7,52,33],[8,52,38],[9,52,41],[10,52,52],[11,52,71],[12,52,72],[13,52,86],[14,52,75],[15,52,79],[16,52,86],[17,52,77],[18,52,77],[19,52,101],[20,52,193],[21,52,246],[22,52,159],[23,52,65],[24,52,9],[25,52,2],[28,52,1],[30,52,1],[37,52,1],[39,52,2],[43,52,1],[46,52,1],[48,52,2],[49,52,1],[51,52,2],[54,52,1],[55,52,26],[56,52,129],[57,52,408],[58,52,610],[59,52,421],[60,52,222],[61,52,131],[62,52,129],[63,52,130],[64,52,156],[65,52,190],[66,52,159],[67,52,149],[68,52,147],[69,52,200],[70,52,251],[71,52,210],[72,52,223],[73,52,203],[74,52,158],[75,52,211],[76,52,438],[77,52,611],[78,52,416],[79,52,153],[0,53,88],[1,53,234],[2,53,342],[3,53,266],[4,53,135],[5,53,112],[6,53,99],[7,53,63],[8,53,48],[9,53,63],[10,53,75],[11,53,107],[12,53,140],[13,53,121],[14,53,142],[15,53,128],[16,53,149],[17,53,142],[18,53,130],[19,53,140],[20,53,248],[21,53,298],[22,53,181],[23,53,54],[24,53,15],[25,53,1],[27,53,1],[28,53,1],[29,53,2],[30,53,2],[31,53,1],[33,53,1],[36,53,1],[39,53,1],[40,53,3],[42,53,1],[45,53,1],[48,53,1],[50,53,2],[52,53,1],[54,53,2],[55,53,24],[56,53,171],[57,53,502],[58,53,734],[59,53,541],[60,53,349],[61,53,204],[62,53,219],[63,53,208],[64,53,227],[65,53,264],[66,53,272],[67,53,226],[68,53,253],[69,53,337],[70,53,372],[71,53,354],[72,53,377],[73,53,299],[74,53,283],[75,53,339],[76,53,554],[77,53,672],[78,53,494],[79,53,191],[0,54,63],[1,54,143],[2,54,226],[3,54,181],[4,54,129],[5,54,66],[6,54,54],[7,54,38],[8,54,37],[9,54,44],[10,54,66],[11,54,78],[12,54,97],[13,54,111],[14,54,96],[15,54,112],[16,54,94],[17,54,115],[18,54,112],[19,54,106],[20,54,158],[21,54,184],[22,54,120],[23,54,43],[24,54,6],[25,54,1],[31,54,1],[35,54,1],[45,54,1],[49,54,1],[55,54,30],[56,54,120],[57,54,348],[58,54,523],[59,54,400],[60,54,222],[61,54,181],[62,54,144],[63,54,143],[64,54,180],[65,54,199],[66,54,206],[67,54,157],[68,54,187],[69,54,247],[70,54,272],[71,54,262],[72,54,248],[73,54,225],[74,54,208],[75,54,236],[76,54,359],[77,54,444],[78,54,312],[79,54,121],[0,55,27],[1,55,53],[2,55,80],[3,55,66],[4,55,39],[5,55,26],[6,55,30],[7,55,21],[8,55,13],[9,55,12],[10,55,34],[11,55,26],[12,55,48],[13,55,45],[14,55,27],[15,55,34],[16,55,50],[17,55,37],[18,55,47],[19,55,37],[20,55,87],[21,55,73],[22,55,48],[23,55,16],[24,55,1],[27,55,1],[55,55,17],[56,55,40],[57,55,142],[58,55,202],[59,55,156],[60,55,95],[61,55,67],[62,55,71],[63,55,61],[64,55,92],[65,55,83],[66,55,72],[67,55,67],[68,55,82],[69,55,93],[70,55,108],[71,55,115],[72,55,101],[73,55,88],[74,55,89],[75,55,83],[76,55,144],[77,55,168],[78,55,123],[79,55,58]]},"plan":{"_comment":"Zone polygons in floor-plan METRES, not pixels. Camera-independent by design: the homography maps every camera's pixels into this space, so these polygons stay valid when Madhar Sha's real cameras replace CARR. Zone names mirror the proposal's demo vocabulary.","floor_plan":{"name":"Demo floor","width_m":20,"height_m":14},"_entry_line_comment":"The counting line for footfall. Sited just inside the doorway rather than across the frame itself, which is how a door counter is actually installed: a shopper hesitating in the doorway would otherwise trip the line repeatedly. `inward` is any vector pointing into the shop; only its side of the line matters, not its length. Crossing this line needs identity to survive two consecutive frames, nothing more, which is why footfall is measured here instead of by counting track ids.","entry_line":{"p1":[8,0.5],"p2":[12,0.5],"inward":[0,1]},"zones":[{"name":"Entrance","kind":"transit","polygon":[[8,0],[12,0],[12,2.5],[8,2.5]]},{"name":"Billing","kind":"service","polygon":[[0,0],[6,0],[6,2.5],[0,2.5]]},{"name":"Casual","kind":"product","polygon":[[0,3.5],[6,3.5],[6,8],[0,8]]},{"name":"Ethnic","kind":"product","polygon":[[13,3.5],[20,3.5],[20,8],[13,8]]},{"name":"Kids","kind":"product","polygon":[[0,9],[6,9],[6,14],[0,14]]},{"name":"Trials","kind":"service","polygon":[[14,9.5],[20,9.5],[20,14],[14,14]]}]}}]}],false]}],"$L13","$L14"]}]]
13:["$","section",null,{"className":"flex flex-col rounded border border-[color:var(--hairline)] bg-[color:var(--surface)] p-4 ","children":[["$","header",null,{"className":"mb-3 flex items-start justify-between gap-3","children":[["$","h3",null,{"className":"min-w-0 text-[13px] font-semibold leading-tight text-[color:var(--ink-primary)]","children":"Where customers reach"}],["$","div",null,{"className":"flex shrink-0 items-center gap-1.5","children":[["$","$L11",null,{"text":"Hands-on activity only, on the same grid as the density map. This is where stock is actually being picked up, which is the map that should drive rack placement."}],null]}]]}],["$","div",null,{"className":"min-w-0 overflow-x-auto","children":["$","$L12",null,{"payload":{"cell_m":0.25,"nx":81,"ny":57,"width_m":20,"height_m":14,"max":337,"cells":[[0,13,3],[0,14,6],[0,15,47],[0,16,55],[0,17,47],[0,18,36],[0,19,24],[0,20,20],[0,21,21],[0,22,23],[0,23,18],[0,24,18],[0,25,19],[0,26,10],[0,27,14],[0,28,32],[0,29,50],[0,30,23],[0,31,13],[0,32,1],[0,36,3],[0,37,12],[0,38,19],[0,39,19],[0,40,12],[0,41,11],[0,42,11],[0,43,10],[0,44,8],[0,45,2],[0,46,12],[0,47,8],[0,48,5],[0,49,7],[0,50,13],[0,51,10],[0,52,21],[0,53,24],[0,54,19],[0,55,8],[1,12,1],[1,13,6],[1,14,23],[1,15,86],[1,16,109],[1,17,116],[1,18,98],[1,19,83],[1,20,62],[1,21,56],[1,22,42],[1,23,38],[1,24,53],[1,25,48],[1,26,61],[1,27,77],[1,28,101],[1,29,139],[1,30,99],[1,31,30],[1,32,4],[1,33,1],[1,35,2],[1,36,9],[1,37,30],[1,38,64],[1,39,48],[1,40,32],[1,41,24],[1,42,21],[1,43,20],[1,44,17],[1,45,21],[1,46,22],[1,47,26],[1,48,25],[1,49,13],[1,50,27],[1,51,39],[1,52,58],[1,53,81],[1,54,32],[1,55,15],[2,13,8],[2,14,40],[2,15,114],[2,16,186],[2,17,173],[2,18,119],[2,19,88],[2,20,86],[2,21,56],[2,22,64],[2,23,60],[2,24,60],[2,25,49],[2,26,75],[2,27,99],[2,28,151],[2,29,172],[2,30,117],[2,31,34],[2,32,11],[2,34,1],[2,35,3],[2,36,16],[2,37,50],[2,38,86],[2,39,65],[2,40,47],[2,41,45],[2,42,45],[2,43,22],[2,44,20],[2,45,23],[2,46,24],[2,47,39],[2,48,36],[2,49,35],[2,50,20],[2,51,43],[2,52,80],[2,53,99],[2,54,56],[2,55,21],[3,13,8],[3,14,28],[3,15,90],[3,16,157],[3,17,130],[3,18,83],[3,19,75],[3,20,68],[3,21,54],[3,22,32],[3,23,49],[3,24,42],[3,25,34],[3,26,44],[3,27,50],[3,28,126],[3,29,145],[3,30,105],[3,31,29],[3,32,6],[3,35,3],[3,36,10],[3,37,36],[3,38,57],[3,39,46],[3,40,38],[3,41,31],[3,42,22],[3,43,21],[3,44,25],[3,45,10],[3,46,16],[3,47,24],[3,48,24],[3,49,20],[3,50,18],[3,51,35],[3,52,53],[3,53,69],[3,54,44],[3,55,18],[4,13,3],[4,14,20],[4,15,72],[4,16,91],[4,17,68],[4,18,40],[4,19,19],[4,20,12],[4,21,14],[4,22,7],[4,23,14],[4,24,14],[4,25,12],[4,26,9],[4,27,25],[4,28,60],[4,29,73],[4,30,64],[4,31,13],[4,32,5],[4,36,4],[4,37,29],[4,38,39],[4,39,24],[4,40,19],[4,41,11],[4,42,6],[4,43,4],[4,44,9],[4,45,6],[4,46,6],[4,47,7],[4,48,9],[4,49,5],[4,50,10],[4,51,11],[4,52,33],[4,53,43],[4,54,36],[4,55,19],[5,13,4],[5,14,15],[5,15,39],[5,16,61],[5,17,39],[5,18,8],[5,19,5],[5,20,3],[5,21,6],[5,22,2],[5,23,1],[5,25,1],[5,26,5],[5,27,12],[5,28,40],[5,29,70],[5,30,46],[5,31,12],[5,32,1],[5,35,1],[5,36,12],[5,37,27],[5,38,39],[5,39,22],[5,40,5],[5,41,1],[5,42,2],[5,43,2],[5,44,1],[5,46,2],[5,47,2],[5,48,3],[5,49,2],[5,50,1],[5,51,6],[5,52,28],[5,53,31],[5,54,15],[5,55,6],[6,13,5],[6,14,11],[6,15,34],[6,16,42],[6,17,35],[6,18,8],[6,19,2],[6,26,1],[6,27,11],[6,28,31],[6,29,61],[6,30,34],[6,31,19],[6,32,2],[6,36,15],[6,37,26],[6,38,41],[6,39,34],[6,40,5],[6,44,1],[6,51,4],[6,52,21],[6,53,30],[6,54,18],[6,55,8],[7,13,2],[7,14,11],[7,15,28],[7,16,51],[7,17,28],[7,18,9],[7,19,1],[7,22,1],[7,26,2],[7,27,9],[7,28,31],[7,29,50],[7,30,38],[7,31,13],[7,32,1],[7,35,2],[7,36,5],[7,37,33],[7,38,46],[7,39,29],[7,40,7],[7,41,1],[7,51,3],[7,52,8],[7,53,15],[7,54,13],[7,55,2],[8,12,2],[8,13,3],[8,14,15],[8,15,58],[8,16,61],[8,17,38],[8,18,10],[8,19,1],[8,22,1],[8,26,3],[8,27,14],[8,28,38],[8,29,57],[8,30,34],[8,31,12],[8,32,5],[8,34,1],[8,35,2],[8,36,12],[8,37,24],[8,38,50],[8,39,24],[8,40,11],[8,45,1],[8,51,3],[8,52,8],[8,53,9],[8,54,10],[8,55,4],[9,13,7],[9,14,16],[9,15,46],[9,16,77],[9,17,54],[9,18,9],[9,19,2],[9,22,1],[9,23,1],[9,27,10],[9,28,39],[9,29,51],[9,30,45],[9,31,11],[9,32,1],[9,33,1],[9,35,2],[9,36,3],[9,37,21],[9,38,27],[9,39,16],[9,40,5],[9,46,1],[9,50,1],[9,51,5],[9,52,8],[9,53,20],[9,54,12],[9,55,3],[10,13,3],[10,14,18],[10,15,67],[10,16,83],[10,17,50],[10,18,20],[10,19,2],[10,23,1],[10,26,2],[10,27,12],[10,28,40],[10,29,66],[10,30,49],[10,31,20],[10,32,1],[10,35,1],[10,36,7],[10,37,22],[10,38,30],[10,39,12],[10,40,5],[10,44,2],[10,48,2],[10,51,3],[10,52,19],[10,53,19],[10,54,22],[10,55,10],[11,13,4],[11,14,17],[11,15,50],[11,16,70],[11,17,55],[11,18,14],[11,19,3],[11,21,1],[11,22,1],[11,23,4],[11,24,2],[11,25,1],[11,26,2],[11,27,13],[11,28,42],[11,29,58],[11,30,38],[11,31,15],[11,32,8],[11,35,2],[11,36,9],[11,37,24],[11,38,43],[11,39,20],[11,40,7],[11,44,1],[11,45,2],[11,47,1],[11,49,1],[11,51,6],[11,52,19],[11,53,30],[11,54,23],[11,55,8],[12,13,2],[12,14,11],[12,15,56],[12,16,58],[12,17,43],[12,18,8],[12,19,3],[12,22,2],[12,23,2],[12,26,4],[12,27,12],[12,28,38],[12,29,61],[12,30,59],[12,31,22],[12,32,1],[12,36,8],[12,37,22],[12,38,23],[12,39,23],[12,40,7],[12,41,3],[12,42,1],[12,48,2],[12,51,9],[12,52,20],[12,53,35],[12,54,26],[12,55,17],[13,13,1],[13,14,14],[13,15,40],[13,16,47],[13,17,32],[13,18,7],[13,19,1],[13,21,1],[13,22,1],[13,25,2],[13,26,1],[13,27,13],[13,28,37],[13,29,81],[13,30,44],[13,31,18],[13,32,2],[13,33,1],[13,36,9],[13,37,23],[13,38,28],[13,39,17],[13,40,8],[13,44,2],[13,46,1],[13,50,1],[13,51,9],[13,52,23],[13,53,39],[13,54,28],[13,55,18],[14,12,2],[14,13,2],[14,14,23],[14,15,33],[14,16,44],[14,17,42],[14,18,2],[14,19,2],[14,22,1],[14,23,1],[14,27,10],[14,28,51],[14,29,67],[14,30,35],[14,31,14],[14,32,4],[14,35,1],[14,36,4],[14,37,26],[14,38,31],[14,39,26],[14,40,7],[14,50,1],[14,51,4],[14,52,25],[14,53,36],[14,54,23],[14,55,11],[15,13,2],[15,14,18],[15,15,32],[15,16,48],[15,17,37],[15,18,6],[15,19,5],[15,23,1],[15,27,11],[15,28,41],[15,29,63],[15,30,44],[15,31,13],[15,35,1],[15,36,7],[15,37,18],[15,38,33],[15,39,21],[15,40,9],[15,50,2],[15,51,5],[15,52,18],[15,53,34],[15,54,29],[15,55,9],[16,13,2],[16,14,10],[16,15,43],[16,16,51],[16,17,29],[16,18,8],[16,19,2],[16,26,2],[16,27,6],[16,28,43],[16,29,46],[16,30,36],[16,31,22],[16,32,1],[16,33,1],[16,35,2],[16,36,8],[16,37,20],[16,38,32],[16,39,20],[16,40,7],[16,50,1],[16,51,8],[16,52,28],[16,53,29],[16,54,27],[16,55,15],[17,12,1],[17,13,2],[17,14,12],[17,15,42],[17,16,65],[17,17,45],[17,18,15],[17,19,2],[17,25,2],[17,27,7],[17,28,41],[17,29,58],[17,30,50],[17,31,18],[17,32,5],[17,36,10],[17,37,30],[17,38,45],[17,39,21],[17,40,9],[17,50,1],[17,51,4],[17,52,20],[17,53,41],[17,54,36],[17,55,9],[18,13,6],[18,14,22],[18,15,44],[18,16,52],[18,17,41],[18,18,15],[18,19,6],[18,20,3],[18,25,1],[18,26,1],[18,27,7],[18,28,58],[18,29,58],[18,30,43],[18,31,20],[18,32,4],[18,35,1],[18,36,10],[18,37,24],[18,38,37],[18,39,19],[18,40,6],[18,41,1],[18,43,1],[18,44,2],[18,45,3],[18,46,2],[18,47,3],[18,50,3],[18,51,8],[18,52,25],[18,53,29],[18,54,23],[18,55,14],[19,13,3],[19,14,13],[19,15,59],[19,16,87],[19,17,60],[19,18,28],[19,19,17],[19,20,16],[19,21,14],[19,22,9],[19,23,14],[19,24,7],[19,25,14],[19,26,13],[19,27,34],[19,28,72],[19,29,82],[19,30,73],[19,31,12],[19,32,3],[19,35,2],[19,36,7],[19,37,28],[19,38,43],[19,39,38],[19,40,14],[19,41,6],[19,42,8],[19,43,7],[19,44,9],[19,45,9],[19,46,5],[19,47,6],[19,48,5],[19,49,4],[19,50,6],[19,51,11],[19,52,28],[19,53,44],[19,54,29],[19,55,11],[20,12,1],[20,13,6],[20,14,28],[20,15,79],[20,16,144],[20,17,129],[20,18,57],[20,19,44],[20,20,42],[20,21,36],[20,22,39],[20,23,31],[20,24,49],[20,25,36],[20,26,50],[20,27,57],[20,28,106],[20,29,140],[20,30,96],[20,31,40],[20,32,5],[20,35,3],[20,36,15],[20,37,56],[20,38,66],[20,39,62],[20,40,29],[20,41,25],[20,42,20],[20,43,17],[20,44,20],[20,45,22],[20,46,20],[20,47,20],[20,48,28],[20,49,17],[20,50,14],[20,51,34],[20,52,51],[20,53,66],[20,54,45],[20,55,22],[21,13,6],[21,14,46],[21,15,113],[21,16,175],[21,17,144],[21,18,112],[21,19,63],[21,20,69],[21,21,54],[21,22,61],[21,23,50],[21,24,66],[21,25,57],[21,26,58],[21,27,91],[21,28,136],[21,29,177],[21,30,128],[21,31,49],[21,32,4],[21,33,1],[21,35,5],[21,36,13],[21,37,51],[21,38,93],[21,39,63],[21,40,42],[21,41,39],[21,42,40],[21,43,31],[21,44,44],[21,45,37],[21,46,35],[21,47,35],[21,48,35],[21,49,34],[21,50,30],[21,51,27],[21,52,66],[21,53,79],[21,54,50],[21,55,13],[22,13,3],[22,14,29],[22,15,82],[22,16,122],[22,17,106],[22,18,63],[22,19,59],[22,20,44],[22,21,44],[22,22,30],[22,23,39],[22,24,60],[22,25,57],[22,26,50],[22,27,59],[22,28,89],[22,29,135],[22,30,58],[22,31,34],[22,32,3],[22,33,1],[22,35,3],[22,36,13],[22,37,35],[22,38,65],[22,39,55],[22,40,32],[22,41,20],[22,42,20],[22,43,25],[22,44,28],[22,45,22],[22,46,20],[22,47,27],[22,48,20],[22,49,17],[22,50,18],[22,51,21],[22,52,42],[22,53,51],[22,54,34],[22,55,10],[23,14,5],[23,15,27],[23,16,36],[23,17,37],[23,18,22],[23,19,19],[23,20,24],[23,21,16],[23,22,10],[23,23,12],[23,24,19],[23,25,16],[23,26,21],[23,27,17],[23,28,23],[23,29,36],[23,30,28],[23,31,14],[23,32,2],[23,35,1],[23,36,3],[23,37,26],[23,38,21],[23,39,13],[23,40,9],[23,41,7],[23,42,9],[23,43,11],[23,44,10],[23,45,8],[23,46,7],[23,47,7],[23,48,9],[23,49,8],[23,50,4],[23,51,12],[23,52,14],[23,53,17],[23,54,11],[23,55,7],[24,14,2],[24,15,4],[24,16,8],[24,17,6],[24,18,4],[24,20,4],[24,21,3],[24,22,3],[24,23,3],[24,24,2],[24,25,2],[24,26,4],[24,27,3],[24,28,3],[24,29,5],[24,30,4],[24,31,2],[24,36,1],[24,37,3],[24,38,5],[24,39,3],[24,40,1],[24,41,1],[24,42,1],[24,43,4],[24,44,1],[24,45,2],[24,46,1],[24,47,3],[24,48,1],[24,52,1],[24,53,6],[24,54,3],[25,15,2],[25,16,1],[25,17,1],[25,18,1],[25,26,1],[25,27,1],[25,53,1],[26,22,1],[49,28,1],[50,17,1],[50,18,2],[50,22,2],[51,13,1],[51,14,1],[51,15,2],[51,16,11],[51,17,5],[51,18,3],[51,19,1],[51,20,3],[51,21,1],[51,22,2],[51,23,2],[51,24,3],[51,25,1],[51,26,3],[51,27,3],[51,28,3],[51,29,5],[51,30,3],[52,14,13],[52,15,28],[52,16,49],[52,17,38],[52,18,22],[52,19,28],[52,20,18],[52,21,10],[52,22,12],[52,23,13],[52,24,21],[52,25,15],[52,26,16],[52,27,17],[52,28,37],[52,29,36],[52,30,22],[52,31,10],[52,32,1],[53,13,2],[53,14,33],[53,15,89],[53,16,153],[53,17,132],[53,18,70],[53,19,52],[53,20,47],[53,21,31],[53,22,41],[53,23,43],[53,24,56],[53,25,54],[53,26,49],[53,27,60],[53,28,67],[53,29,103],[53,30,66],[53,31,19],[53,32,4],[53,33,1],[54,13,9],[54,14,54],[54,15,129],[54,16,219],[54,17,167],[54,18,101],[54,19,85],[54,20,40],[54,21,37],[54,22,49],[54,23,57],[54,24,72],[54,25,74],[54,26,56],[54,27,84],[54,28,127],[54,29,183],[54,30,116],[54,31,36],[54,32,7],[54,40,1],[54,42,1],[54,45,1],[54,48,2],[54,52,1],[54,53,1],[55,13,4],[55,14,25],[55,15,120],[55,16,174],[55,17,133],[55,18,78],[55,19,51],[55,20,30],[55,21,27],[55,22,27],[55,23,41],[55,24,51],[55,25,37],[55,26,47],[55,27,63],[55,28,103],[55,29,146],[55,30,97],[55,31,26],[55,32,4],[55,37,1],[55,38,3],[55,39,6],[55,40,13],[55,41,9],[55,42,6],[55,43,3],[55,44,5],[55,45,2],[55,46,3],[55,47,2],[55,48,2],[55,49,5],[55,50,10],[55,51,9],[55,52,8],[55,53,10],[55,54,11],[55,55,6],[56,12,1],[56,13,3],[56,14,45],[56,15,72],[56,16,107],[56,17,93],[56,18,34],[56,19,9],[56,20,14],[56,21,11],[56,22,7],[56,23,10],[56,24,17],[56,25,21],[56,26,11],[56,27,24],[56,28,67],[56,29,91],[56,30,57],[56,31,29],[56,32,4],[56,37,2],[56,38,10],[56,39,38],[56,40,64],[56,41,55],[56,42,30],[56,43,26],[56,44,23],[56,45,21],[56,46,27],[56,47,19],[56,48,30],[56,49,46],[56,50,38],[56,51,45],[56,52,63],[56,53,78],[56,54,54],[56,55,15],[57,13,2],[57,14,23],[57,15,73],[57,16,66],[57,17,52],[57,18,24],[57,19,6],[57,20,2],[57,21,3],[57,23,3],[57,24,2],[57,25,1],[57,26,1],[57,27,14],[57,28,45],[57,29,71],[57,30,48],[57,31,27],[57,32,5],[57,36,1],[57,37,4],[57,38,42],[57,39,134],[57,40,162],[57,41,149],[57,42,95],[57,43,73],[57,44,59],[57,45,57],[57,46,70],[57,47,78],[57,48,81],[57,49,83],[57,50,124],[57,51,134],[57,52,200],[57,53,214],[57,54,147],[57,55,68],[58,13,1],[58,14,18],[58,15,55],[58,16,63],[58,17,30],[58,18,5],[58,19,4],[58,26,6],[58,27,15],[58,28,37],[58,29,78],[58,30,51],[58,31,22],[58,32,5],[58,33,1],[58,37,8],[58,38,72],[58,39,165],[58,40,246],[58,41,201],[58,42,106],[58,43,87],[58,44,86],[58,45,88],[58,46,126],[58,47,114],[58,48,102],[58,49,123],[58,50,150],[58,51,184],[58,52,271],[58,53,337],[58,54,228],[58,55,87],[59,13,5],[59,14,23],[59,15,55],[59,16,58],[59,17,41],[59,18,19],[59,23,1],[59,26,1],[59,27,6],[59,28,39],[59,29,73],[59,30,52],[59,31,19],[59,32,5],[59,36,1],[59,37,9],[59,38,42],[59,39,152],[59,40,192],[59,41,133],[59,42,80],[59,43,52],[59,44,44],[59,45,56],[59,46,62],[59,47,83],[59,48,77],[59,49,76],[59,50,104],[59,51,141],[59,52,178],[59,53,241],[59,54,177],[59,55,67],[60,13,5],[60,14,15],[60,15,44],[60,16,69],[60,17,59],[60,18,8],[60,19,2],[60,20,1],[60,22,1],[60,26,1],[60,27,11],[60,28,45],[60,29,54],[60,30,50],[60,31,19],[60,32,3],[60,37,12],[60,38,31],[60,39,79],[60,40,131],[60,41,70],[60,42,38],[60,43,23],[60,44,9],[60,45,20],[60,46,22],[60,47,20],[60,48,23],[60,49,19],[60,50,29],[60,51,44],[60,52,89],[60,53,159],[60,54,101],[60,55,43],[61,12,1],[61,13,5],[61,14,34],[61,15,69],[61,16,80],[61,17,56],[61,18,12],[61,21,1],[61,26,4],[61,27,8],[61,28,48],[61,29,75],[61,30,54],[61,31,15],[61,32,4],[61,37,6],[61,38,30],[61,39,86],[61,40,101],[61,41,54],[61,42,22],[61,43,2],[61,44,5],[61,45,1],[61,46,1],[61,47,3],[61,48,1],[61,49,3],[61,50,7],[61,51,25],[61,52,64],[61,53,87],[61,54,64],[61,55,29],[62,13,5],[62,14,17],[62,15,71],[62,16,102],[62,17,50],[62,18,26],[62,19,4],[62,20,1],[62,22,1],[62,23,2],[62,26,1],[62,27,21],[62,28,62],[62,29,92],[62,30,60],[62,31,27],[62,32,2],[62,37,5],[62,38,32],[62,39,92],[62,40,101],[62,41,72],[62,42,17],[62,43,4],[62,46,1],[62,50,7],[62,51,18],[62,52,58],[62,53,109],[62,54,66],[62,55,29],[63,12,1],[63,13,4],[63,14,18],[63,15,71],[63,16,87],[63,17,59],[63,18,20],[63,19,1],[63,23,1],[63,24,1],[63,26,5],[63,27,17],[63,28,56],[63,29,64],[63,30,57],[63,31,18],[63,32,5],[63,36,1],[63,37,5],[63,38,28],[63,39,104],[63,40,129],[63,41,73],[63,42,17],[63,43,2],[63,50,2],[63,51,17],[63,52,61],[63,53,96],[63,54,61],[63,55,22],[64,13,6],[64,14,28],[64,15,71],[64,16,92],[64,17,50],[64,18,17],[64,19,2],[64,20,1],[64,21,1],[64,26,3],[64,27,9],[64,28,44],[64,29,75],[64,30,40],[64,31,15],[64,32,2],[64,37,4],[64,38,28],[64,39,89],[64,40,118],[64,41,89],[64,42,27],[64,43,1],[64,47,1],[64,50,5],[64,51,29],[64,52,64],[64,53,92],[64,54,80],[64,55,47],[65,13,7],[65,14,30],[65,15,82],[65,16,79],[65,17,51],[65,18,19],[65,19,5],[65,22,2],[65,23,1],[65,27,8],[65,28,29],[65,29,58],[65,30,46],[65,31,20],[65,32,4],[65,37,7],[65,38,13],[65,39,65],[65,40,82],[65,41,56],[65,42,16],[65,43,3],[65,45,1],[65,49,1],[65,50,1],[65,51,15],[65,52,88],[65,53,109],[65,54,93],[65,55,35],[66,13,6],[66,14,25],[66,15,72],[66,16,99],[66,17,82],[66,18,23],[66,19,1],[66,21,1],[66,22,1],[66,23,2],[66,24,1],[66,27,15],[66,28,34],[66,29,55],[66,30,43],[66,31,20],[66,32,4],[66,36,1],[66,37,3],[66,38,17],[66,39,54],[66,40,79],[66,41,46],[66,42,19],[66,43,3],[66,44,1],[66,50,4],[66,51,19],[66,52,73],[66,53,132],[66,54,100],[66,55,24],[67,14,24],[67,15,57],[67,16,68],[67,17,55],[67,18,13],[67,19,2],[67,24,1],[67,26,2],[67,27,17],[67,28,46],[67,29,75],[67,30,48],[67,31,24],[67,32,6],[67,37,2],[67,38,34],[67,39,97],[67,40,104],[67,41,65],[67,42,24],[67,43,6],[67,44,2],[67,46,4],[67,47,1],[67,50,5],[67,51,21],[67,52,67],[67,53,104],[67,54,76],[67,55,26],[68,13,2],[68,14,14],[68,15,48],[68,16,51],[68,17,36],[68,18,11],[68,19,1],[68,21,1],[68,22,1],[68,26,3],[68,27,19],[68,28,57],[68,29,71],[68,30,63],[68,31,14],[68,32,4],[68,37,8],[68,38,32],[68,39,64],[68,40,118],[68,41,76],[68,42,20],[68,43,2],[68,46,2],[68,49,2],[68,50,5],[68,51,19],[68,52,64],[68,53,114],[68,54,81],[68,55,35],[69,13,1],[69,14,12],[69,15,35],[69,16,31],[69,17,24],[69,18,7],[69,26,1],[69,27,15],[69,28,51],[69,29,69],[69,30,42],[69,31,17],[69,32,5],[69,33,1],[69,37,1],[69,38,27],[69,39,88],[69,40,114],[69,41,70],[69,42,25],[69,43,1],[69,46,1],[69,50,5],[69,51,28],[69,52,89],[69,53,154],[69,54,108],[69,55,46],[70,14,18],[70,15,26],[70,16,37],[70,17,23],[70,18,4],[70,25,1],[70,26,3],[70,27,13],[70,28,39],[70,29,66],[70,30,46],[70,31,20],[70,32,3],[70,36,1],[70,37,3],[70,38,32],[70,39,95],[70,40,120],[70,41,51],[70,42,17],[70,43,3],[70,47,2],[70,50,4],[70,51,29],[70,52,107],[70,53,177],[70,54,142],[70,55,43],[71,13,4],[71,14,18],[71,15,38],[71,16,48],[71,17,37],[71,18,11],[71,26,2],[71,27,5],[71,28,41],[71,29,56],[71,30,40],[71,31,11],[71,32,3],[71,37,9],[71,38,23],[71,39,63],[71,40,101],[71,41,60],[71,42,20],[71,50,4],[71,51,37],[71,52,93],[71,53,164],[71,54,111],[71,55,52],[72,13,2],[72,14,19],[72,15,48],[72,16,82],[72,17,46],[72,18,12],[72,19,4],[72,26,5],[72,27,14],[72,28,60],[72,29,93],[72,30,62],[72,31,15],[72,32,4],[72,37,4],[72,38,28],[72,39,64],[72,40,97],[72,41,49],[72,42,19],[72,43,3],[72,44,1],[72,50,6],[72,51,26],[72,52,100],[72,53,177],[72,54,107],[72,55,47],[73,12,1],[73,13,5],[73,14,28],[73,15,65],[73,16,83],[73,17,51],[73,18,26],[73,19,2],[73,26,3],[73,27,15],[73,28,57],[73,29,128],[73,30,86],[73,31,25],[73,32,4],[73,37,2],[73,38,20],[73,39,67],[73,40,107],[73,41,55],[73,42,22],[73,43,4],[73,49,1],[73,50,5],[73,51,29],[73,52,75],[73,53,133],[73,54,115],[73,55,36],[74,13,4],[74,14,18],[74,15,57],[74,16,103],[74,17,56],[74,18,15],[74,19,5],[74,20,1],[74,21,1],[74,22,2],[74,23,4],[74,24,4],[74,25,2],[74,26,4],[74,27,16],[74,28,67],[74,29,105],[74,30,74],[74,31,41],[74,32,5],[74,37,3],[74,38,19],[74,39,86],[74,40,115],[74,41,78],[74,42,24],[74,43,4],[74,44,2],[74,45,4],[74,46,2],[74,47,4],[74,48,4],[74,49,1],[74,50,4],[74,51,24],[74,52,75],[74,53,136],[74,54,103],[74,55,41],[75,13,2],[75,14,21],[75,15,81],[75,16,98],[75,17,62],[75,18,40],[75,19,15],[75,20,18],[75,21,12],[75,22,13],[75,23,23],[75,24,24],[75,25,16],[75,26,19],[75,27,27],[75,28,78],[75,29,132],[75,30,79],[75,31,24],[75,32,5],[75,37,5],[75,38,45],[75,39,102],[75,40,146],[75,41,108],[75,42,32],[75,43,26],[75,44,28],[75,45,37],[75,46,34],[75,47,31],[75,48,22],[75,49,24],[75,50,26],[75,51,39],[75,52,85],[75,53,148],[75,54,118],[75,55,31],[76,12,1],[76,13,6],[76,14,39],[76,15,108],[76,16,131],[76,17,108],[76,18,64],[76,19,43],[76,20,32],[76,21,35],[76,22,30],[76,23,51],[76,24,64],[76,25,65],[76,26,48],[76,27,57],[76,28,95],[76,29,152],[76,30,86],[76,31,25],[76,32,3],[76,33,1],[76,36,3],[76,37,7],[76,38,57],[76,39,162],[76,40,266],[76,41,180],[76,42,90],[76,43,72],[76,44,91],[76,45,83],[76,46,96],[76,47,91],[76,48,82],[76,49,77],[76,50,89],[76,51,131],[76,52,209],[76,53,246],[76,54,155],[76,55,58],[77,13,7],[77,14,25],[77,15,82],[77,16,147],[77,17,137],[77,18,99],[77,19,82],[77,20,61],[77,21,50],[77,22,60],[77,23,85],[77,24,104],[77,25,83],[77,26,70],[77,27,104],[77,28,151],[77,29,182],[77,30,101],[77,31,46],[77,32,5],[77,37,9],[77,38,64],[77,39,230],[77,40,297],[77,41,231],[77,42,122],[77,43,105],[77,44,109],[77,45,149],[77,46,144],[77,47,146],[77,48,137],[77,49,106],[77,50,135],[77,51,177],[77,52,293],[77,53,311],[77,54,215],[77,55,81],[78,13,7],[78,14,33],[78,15,67],[78,16,96],[78,17,100],[78,18,82],[78,19,61],[78,20,38],[78,21,42],[78,22,54],[78,23,67],[78,24,73],[78,25,68],[78,26,76],[78,27,67],[78,28,93],[78,29,117],[78,30,77],[78,31,19],[78,32,7],[78,33,3],[78,37,7],[78,38,38],[78,39,145],[78,40,204],[78,41,145],[78,42,91],[78,43,70],[78,44,105],[78,45,122],[78,46,112],[78,47,113],[78,48,108],[78,49,98],[78,50,98],[78,51,113],[78,52,199],[78,53,220],[78,54,139],[78,55,58],[79,13,2],[79,14,6],[79,15,21],[79,16,48],[79,17,35],[79,18,28],[79,19,24],[79,20,18],[79,21,16],[79,22,23],[79,23,21],[79,24,32],[79,25,36],[79,26,27],[79,27,23],[79,28,42],[79,29,38],[79,30,26],[79,31,8],[79,32,1],[79,37,3],[79,38,20],[79,39,50],[79,40,77],[79,41,54],[79,42,30],[79,43,41],[79,44,46],[79,45,46],[79,46,44],[79,47,47],[79,48,48],[79,49,30],[79,50,31],[79,51,45],[79,52,57],[79,53,92],[79,54,56],[79,55,27]]},"plan":"$5:1:props:children:0:props:children:1:props:children:props:plan","alt":true}]}],false]}]
14:["$","section",null,{"className":"flex flex-col rounded border border-[color:var(--hairline)] bg-[color:var(--surface)] p-4 lg:col-span-2","children":[["$","header",null,{"className":"mb-3 flex items-start justify-between gap-3","children":[["$","h3",null,{"className":"min-w-0 text-[13px] font-semibold leading-tight text-[color:var(--ink-primary)]","children":"Congestion points"}],["$","div",null,{"className":"flex shrink-0 items-center gap-1.5","children":[["$","$L11",null,{"text":"The marked points are where customers bunch up and slow down at the same time. Busy and slow together means held up rather than browsing, and a blocked walkway loses the sale behind it as well as the one in front."}],null]}]]}],["$","div",null,{"className":"min-w-0 overflow-x-auto","children":["$","table",null,{"className":"tabular w-full text-sm","children":[["$","thead",null,{"children":["$","tr",null,{"className":"border-b border-[color:var(--hairline)] text-left text-[11px] uppercase tracking-wide text-[color:var(--ink-muted)]","children":[["$","th",null,{"className":"py-2 font-medium","children":"Where"}],["$","th",null,{"className":"py-2 font-medium","children":"Customers"}],["$","th",null,{"className":"py-2 font-medium","children":"Held up"}]]}]}],["$","tbody",null,{"children":[["$","tr","0",{"className":"border-b border-[color:var(--hairline)] last:border-0","children":[["$","td",null,{"className":"py-2 font-medium","children":["Ethnic",["$","span",null,{"className":"ml-1.5 font-normal text-[11px] text-[color:var(--ink-muted)]","children":[13.5," m, ",4.5," m"]}]]}],["$","td",null,{"className":"py-2","children":203}],["$","td",null,{"className":"py-2 font-medium","children":"Badly"}]]}],["$","tr","1",{"className":"border-b border-[color:var(--hairline)] last:border-0","children":[["$","td",null,{"className":"py-2 font-medium","children":["Casual",["$","span",null,{"className":"ml-1.5 font-normal text-[11px] text-[color:var(--ink-muted)]","children":[0.5," m, ",4.5," m"]}]]}],["$","td",null,{"className":"py-2","children":151}],["$","td",null,{"className":"py-2 font-medium","children":"Badly"}]]}],["$","tr","2",{"className":"border-b border-[color:var(--hairline)] last:border-0","children":[["$","td",null,{"className":"py-2 font-medium","children":["Trials",["$","span",null,{"className":"ml-1.5 font-normal text-[11px] text-[color:var(--ink-muted)]","children":[14.5," m, ",13.5," m"]}]]}],["$","td",null,{"className":"py-2","children":93}],["$","td",null,{"className":"py-2 font-medium","children":"Badly"}]]}],["$","tr","3",{"className":"border-b border-[color:var(--hairline)] last:border-0","children":[["$","td",null,{"className":"py-2 font-medium","children":["Trials",["$","span",null,{"className":"ml-1.5 font-normal text-[11px] text-[color:var(--ink-muted)]","children":[19.5," m, ",13.5," m"]}]]}],["$","td",null,{"className":"py-2","children":87}],["$","td",null,{"className":"py-2 font-medium","children":"Badly"}]]}],["$","tr","4",{"className":"border-b border-[color:var(--hairline)] last:border-0","children":[["$","td",null,{"className":"py-2 font-medium","children":["Casual",["$","span",null,{"className":"ml-1.5 font-normal text-[11px] text-[color:var(--ink-muted)]","children":[0.5," m, ",7.5," m"]}]]}],["$","td",null,{"className":"py-2","children":128}],["$","td",null,{"className":"py-2 font-medium","children":"Badly"}]]}],["$","tr","5",{"className":"border-b border-[color:var(--hairline)] last:border-0","children":[["$","td",null,{"className":"py-2 font-medium","children":["Casual",["$","span",null,{"className":"ml-1.5 font-normal text-[11px] text-[color:var(--ink-muted)]","children":[5.5," m, ",4.5," m"]}]]}],["$","td",null,{"className":"py-2","children":189}],["$","td",null,{"className":"py-2 font-medium","children":"Badly"}]]}],["$","tr","6",{"className":"border-b border-[color:var(--hairline)] last:border-0","children":[["$","td",null,{"className":"py-2 font-medium","children":["Trials",["$","span",null,{"className":"ml-1.5 font-normal text-[11px] text-[color:var(--ink-muted)]","children":[19.5," m, ",10.5," m"]}]]}],["$","td",null,{"className":"py-2","children":111}],["$","td",null,{"className":"py-2 font-medium","children":"Badly"}]]}]]}]]}]}],false]}]
